0.390
0.3845
0.381312
0.376898
0.372036
0.369782
0.365684
0.368848
0.365367
0.363946
0.366328
0.375037
0.370657
0.37195
0.367707
0.366493
0.363807
0.361206
0.36768
0.364845
0.363489
0.359428
0.3575
0.357312
0.356648
0.365817
0.363215
0.360688
0.358602
0.358152
0.390
0.3845
0.381312
0.376898
0.372036
0.369782
0.365684
0.368848
0.365367
0.363946
0.366328
0.375037
0.370657
0.37195
0.367707
0.366493
0.363807
0.361206
0.36768
0.364845
0.363489
0.359428
0.3575
0.357312
0.356648
0.365817
0.363215
0.360688
0.358602
0.358152
0.390
0.379
0.374
0.367
0.35975
0.358313
0.352984
0.362488
0.357116
0.356337
0.363003
0.381252
0.370939
0.373454
0.364591
0.362943
0.358457
0.354593
0.369195
0.363146
0.36086
0.353395
0.351046
0.352284
0.352213
0.37166
0.364995
0.359496
0.355622
0.355467
0.390
0.38725
0.385484
0.383017
0.380203
0.378565
0.375968
0.376907
0.374663
0.373371
0.373973
0.37785
0.375484
0.375829
0.373465
0.372498
0.37078
0.369043
0.371791
0.370116
0.369109
0.366727
0.365307
0.364725
0.36393
0.368059
0.366618
0.365142
0.36382
0.363269
