0.390
0.346
0.359
0.346
0.338
0.354
0.337
0.391
0.341
0.354
0.383
0.436
0.340
0.381
0.338
0.358
0.345
0.343
0.413
0.345
0.354
0.331
0.344
0.356
0.352
0.430
0.345
0.343
0.344
0.355
0.390
0.346
0.359
0.346
0.338
0.354
0.337
0.391
0.341
0.354
0.383
0.436
0.340
0.381
0.338
0.358
0.345
0.343
0.413
0.345
0.354
0.331
0.344
0.356
0.352
0.430
0.345
0.343
0.344
0.355
0.390
0.346
0.359
0.346
0.338
0.354
0.337
0.391
0.341
0.354
0.383
0.436
0.340
0.381
0.338
0.358
0.345
0.343
0.413
0.345
0.354
0.331
0.344
0.356
0.352
0.430
0.345
0.343
0.344
0.355
0.390
0.346
0.359
0.346
0.338
0.354
0.337
0.391
0.341
0.354
0.383
0.436
0.340
0.381
0.338
0.358
0.345
0.343
0.413
0.345
0.354
0.331
0.344
0.356
0.352
0.430
0.345
0.343
0.344
0.355
