1.39
1.3845
1.38131
1.3769
1.37204
1.36978
1.36568
1.36885
1.36537
1.36395
1.36633
1.37504
1.37066
1.37195
1.36771
1.36649
1.36381
1.36121
1.36768
1.36485
1.36349
1.35943
1.3575
1.35731
1.35665
1.36582
1.36322
1.36069
1.3586
1.35815
1.17
1.0135
0.878563
0.785148
0.717122
0.646632
0.606103
0.574479
0.547439
0.511867
0.496322
0.542205
0.53107
0.502602
0.499646
0.475154
0.466796
0.459254
0.493011
0.481523
0.461843
0.465683
0.452619
0.430151
0.41659
0.484125
0.472763
0.463064
0.452072
0.431857
1.17
1.008
0.86575
0.763813
0.686359
0.60902
0.562327
0.557511
0.524872
0.48527
0.486365
0.546771
0.53633
0.507559
0.500623
0.471558
0.457862
0.444604
0.49511
0.481777
0.458979
0.456844
0.438027
0.422475
0.40514
0.489142
0.479766
0.46757
0.452174
0.428502
1.17
1.01625
0.885484
0.797501
0.736083
0.671678
0.637368
0.58799
0.568882
0.539699
0.508347
0.540657
0.53544
0.501311
0.505405
0.486918
0.484093
0.481808
0.500321
0.493304
0.477616
0.486217
0.477651
0.45829
0.446828
0.496303
0.48586
0.478191
0.469749
0.451536
