193.712
193.558
193.376
193.9
196.303
195.999
195.935
195.568
195.104
194.798
194.495
194.322
194.108
194.069
193.972
193.747
193.66
193.534
193.33
193.112
193.168
193.02
193.219
193.148
193.112
192.921
193.058
192.962
193.181
193.11
193.712
193.635
193.539
193.791
194.999
194.929
194.964
194.841
194.654
194.529
194.395
194.315
194.208
194.182
194.127
194.005
193.945
193.864
193.741
193.607
193.604
193.503
193.572
193.515
193.474
193.355
193.397
193.327
193.414
193.364
193.712
193.405
193.079
194.201
198.931
197.667
197.122
196.09
195.033
194.438
193.922
193.72
193.441
193.531
193.471
193.147
193.122
193.005
192.728
192.443
192.723
192.539
193.057
192.955
192.931
192.594
192.95
192.785
193.267
193.104
193.712
193.558
193.376
193.9
196.303
195.999
195.935
195.568
195.104
194.798
194.495
194.322
194.108
194.069
193.972
193.747
193.66
193.534
193.33
193.112
193.168
193.02
193.219
193.148
193.112
192.921
193.058
192.962
193.181
193.11
