193.712
192.483
192.101
197.566
213.122
193.877
195.485
192.996
191.859
192.655
192.375
193.112
192.606
193.801
193.291
192.173
193.050
192.652
191.898
191.588
193.561
191.987
194.613
192.650
192.859
191.582
194.016
192.290
194.716
192.612
193.712
192.483
192.101
197.566
213.122
193.877
195.485
192.996
191.859
192.655
192.375
193.112
192.606
193.801
193.291
192.173
193.050
192.652
191.898
191.588
193.561
191.987
194.613
192.650
192.859
191.582
194.016
192.290
194.716
192.612
193.712
192.483
192.101
197.566
213.122
193.877
195.485
192.996
191.859
192.655
192.375
193.112
192.606
193.801
193.291
192.173
193.050
192.652
191.898
191.588
193.561
191.987
194.613
192.650
192.859
191.582
194.016
192.290
194.716
192.612
193.712
192.483
192.101
197.566
213.122
193.877
195.485
192.996
191.859
192.655
192.375
193.112
192.606
193.801
193.291
192.173
193.050
192.652
191.898
191.588
193.561
191.987
194.613
192.650
192.859
191.582
194.016
192.290
194.716
192.612
