581.136
485.355
413.681
363.319
342.589
308.14
280.555
261.972
248.616
237.381
228.855
221.476
216.189
210.937
207.401
205.618
203.26
201.742
201.122
200.698
199.306
198.805
199.151
198.166
197.165
197.49
197.58
197.121
198.055
197.334
581.136
485.432
413.921
363.104
341.315
305.788
278.664
259.584
246.193
235.183
227.04
220.081
215.241
210.364
207.155
205.729
203.693
202.468
202.16
202.074
200
199.917
199.493
198.877
198.151
198.755
198.107
197.967
198.282
197.817
581.136
485.202
413.23
363.801
345.053
312.313
285.288
266.341
251.952
239.505
229.786
221.428
215.336
210.312
206.297
204.064
201.407
199.689
198.848
198.173
198.138
197.336
198.729
197.617
196.524
196.638
197.404
196.785
198.199
197.458
581.136
485.355
413.681
363.319
342.589
308.14
280.555
261.972
248.616
237.381
228.855
221.476
216.189
210.937
207.401
205.618
203.26
201.742
201.122
200.698
199.306
198.805
199.151
198.166
197.165
197.49
197.58
197.121
198.055
197.334
