1.117
1.11538
1.12995
1.16271
1.1725
1.16656
1.15761
1.16754
1.18072
1.17488
1.16727
1.16036
1.20457
1.20787
1.19739
1.19159
1.18051
1.1837
1.17324
1.16683
1.1531
1.14534
1.1563
1.15226
1.14723
1.14782
1.1701
1.17221
1.17343
1.17613
1.117
1.11619
1.12343
1.14021
1.14651
1.14517
1.14203
1.14797
1.15578
1.15442
1.15189
1.1494
1.17219
1.17586
1.17262
1.17127
1.167
1.16944
1.1651
1.16241
1.15582
1.15177
1.15685
1.15479
1.15212
1.15211
1.16298
1.16448
1.16557
1.16741
1.117
1.11375
1.14331
1.20548
1.21436
1.19202
1.16777
1.18508
1.20706
1.18879
1.17009
1.15557
1.24518
1.24163
1.21223
1.19692
1.17344
1.18158
1.16118
1.15139
1.12779
1.11859
1.1472
1.1414
1.13405
1.13854
1.1854
1.1858
1.18485
1.18739
1.117
1.11538
1.12995
1.16271
1.1725
1.16656
1.15761
1.16754
1.18072
1.17488
1.16727
1.16036
1.20457
1.20787
1.19739
1.19159
1.18051
1.1837
1.17324
1.16683
1.1531
1.14534
1.1563
1.15226
1.14723
1.14782
1.1701
1.17221
1.17343
1.17613
