1.117
1.104
1.232
1.392
1.241
1.125
1.095
1.237
1.273
1.134
1.114
1.112
1.514
1.231
1.124
1.151
1.103
1.206
1.100
1.122
1.057
1.091
1.233
1.124
1.112
1.152
1.326
1.187
1.182
1.195
1.117
1.104
1.232
1.392
1.241
1.125
1.095
1.237
1.273
1.134
1.114
1.112
1.514
1.231
1.124
1.151
1.103
1.206
1.100
1.122
1.057
1.091
1.233
1.124
1.112
1.152
1.326
1.187
1.182
1.195
1.117
1.104
1.232
1.392
1.241
1.125
1.095
1.237
1.273
1.134
1.114
1.112
1.514
1.231
1.124
1.151
1.103
1.206
1.100
1.122
1.057
1.091
1.233
1.124
1.112
1.152
1.326
1.187
1.182
1.195
1.117
1.104
1.232
1.392
1.241
1.125
1.095
1.237
1.273
1.134
1.114
1.112
1.514
1.231
1.124
1.151
1.103
1.206
1.100
1.122
1.057
1.091
1.233
1.124
1.112
1.152
1.326
1.187
1.182
1.195
