3.351
2.80387
2.51295
2.46201
2.22526
2.16656
2.15761
2.16754
2.18072
2.17488
2.16727
2.16036
2.20457
2.20787
2.19739
2.19159
2.18051
2.1837
2.17324
2.16683
2.1531
2.14534
2.1563
2.15226
2.14723
2.14782
2.1701
2.17221
2.17343
2.17613
3.351
2.80469
2.50561
2.44543
2.22621
1.97645
1.81566
1.74816
1.73096
1.60758
1.53219
1.47451
1.78062
1.691
1.61084
1.52156
1.49799
1.45668
1.44997
1.41916
1.45379
1.44007
1.4543
1.41073
1.38686
1.32829
1.469
1.41802
1.37325
1.35259
3.351
2.80225
2.52794
2.49264
2.21525
2.03205
1.89481
1.79959
1.75587
1.67346
1.60838
1.54238
1.89372
1.74222
1.70529
1.62795
1.59063
1.52703
1.50185
1.44607
1.44319
1.39194
1.46661
1.40415
1.36051
1.32634
1.51372
1.43364
1.37453
1.3398
3.351
2.80387
2.51295
2.46201
2.22526
2.00363
1.85697
1.77144
1.73911
1.64039
1.57729
1.52314
1.83029
1.7036
1.65305
1.57972
1.5602
1.49395
1.48963
1.45536
1.47933
1.45212
1.47404
1.42287
1.39044
1.33501
1.48866
1.42803
1.37509
1.34894
