0 0.24
0.02 0.22
0.04 0.2
0.06 0.18
0.08 0.18
0.1 0.16
0.12 0.14
0.14 0.12
0.16 0.1
0.18 0.08
0.2 0.06
0.22 0.06
0.24 0.04
0.26 0.04
0.28 0.04
0.3 0.02
0.32 0.02
0.34 0.02
0.36 0.02
0.38 0.02
0.4 0.02
0.42 0.02
0.44 0.02
0.46 0.02
0.48 0.02
0.5 0.02
0.52 0.02
0.54 0.02
0.56 0.02
0.58 0.02
0.6 0.06
0.62 0.04
0.64 0.04
0.66 0.02
0.68 0.04
0.7 0.02
0.72 0.02
0.74 0.02
0.76 0.02
0.78 0.04
0.8 0.04
0.82 0.04
0.84 0.02
0.86 0.02
0.88 0.02
0.9 0.04
0.92 0.02
0.94 0.02
0.96 0.04
0.98 0.04
1 0.02
1.02 0.04
1.04 0.04
1.06 0.04
1.08 0.02
1.1 0.02
1.12 0.04
1.14 0.02
1.16 0.04
1.18 0.04
1.2 0.02
1.22 0.04
1.24 0.04
1.26 0.02
1.28 0.02
1.32 0.02
1.34 0.02
1.36 0.02
1.38 0.04
1.4 0.04
1.42 0.04
1.44 0.02
1.46 0.04
1.48 0.04
1.5 0.02
1.52 0.04
1.54 0.04
1.56 0.04
1.58 0.04
1.6 0.02
1.62 0.04
1.64 0.04
1.66 0.06
1.68 0.06
1.72 0.04
1.7 0.06
1.74 0.02
1.76 0.02
1.78 0.04
1.8 0.02
1.82 0.02
1.84 0.04
1.86 0.04
1.88 0.02
1.9 0.04
1.92 0.02
1.94 0.02
1.96 0.04
1.98 0.04
2 0.04
2.02 0.04
2.04 0.02
2.06 0.04
2.08 0.04
2.1 0.04
2.12 0.02
2.14 0.02
2.16 0.04
2.18 0.02
2.2 0.04
2.22 0.02
2.24 0.04
2.26 0.04
2.28 0.04
2.3 0.02
2.32 0.02
2.34 0.02
2.36 0.04
2.38 0.02
2.4 0.04
2.42 0.02
2.44 0.02
2.46 0.04
2.48 0.04
2.5 0.04
2.52 0.02
2.54 0.02
2.56 0.02
2.58 0.02
2.6 0.04
2.62 0.04
2.64 0.04
2.66 0.02
2.68 0.04
2.7 0.02
2.72 0.02
2.74 0.02
2.76 0.04
2.78 0.04
2.8 0.02
2.82 0.04
2.84 0.04
2.86 0.04
2.88 0.12
2.9 0.1
2.92 0.1
2.94 0.1
2.96 0.08
2.98 0.06
3 0.04
3.02 0.04
3.04 0.04
3.06 0.04
3.08 0.02
3.1 0.04
3.12 0.02
3.14 0.02
3.16 0.02
3.18 0.02
3.2 0.02
3.22 0.04
3.24 0.04
3.26 0.04
3.28 0.04
3.3 0.04
3.32 0.02
3.34 0.04
3.36 0.02
3.38 0.02
3.4 0.02
3.52 0.1
3.54 0.08
3.56 0.08
3.58 0.08
3.6 0.08
3.62 0.08
3.64 0.08
3.66 0.08
3.68 0.08
3.7 0.08
3.72 0.08
3.74 0.08
3.76 0.08
3.78 0.06
3.8 0.04
3.82 0.02
3.84 0.02
3.86 0.04
3.88 0.04
3.9 0.04
3.92 0.02
3.94 0.02
3.96 0.02
3.98 0.04
4 0.02
4.02 0.02
4.04 0.04
4.06 0.02
4.08 0.04
4.1 0.04
4.12 0.04
4.14 0.02
4.16 0.04
4.18 0.06
4.2 0.04
4.22 0.02
4.24 0.02
4.26 0.02
4.28 0.02
4.3 0.06
4.32 0.04
4.34 0.02
4.36 0.04
4.38 0.04
4.4 0.02
4.42 0.02
4.44 0.02
4.46 0.02
4.48 0.06
4.5 0.06
4.52 0.04
4.54 0.02
4.56 0.04
4.58 0.02
4.6 0.04
4.62 0.02
4.64 0.04
4.66 0.02
4.68 0.04
4.7 0.02
4.72 0.04
4.74 0.02
4.76 0.02
4.78 0.02
4.8 0.04
4.82 0.02
4.84 0.02
4.86 0.02
4.88 0.12
4.9 0.1
4.92 0.1
4.94 0.08
4.96 0.06
4.98 0.06
5 0.04
5.02 0.04
5.04 0.02
5.06 0.02
5.08 0.04
5.1 0.04
5.12 0.04
5.14 0.02
5.16 0
5.18 0
5.2 0
5.22 0
5.24 0
5.26 0.02
5.28 0.04
5.3 0.02
5.32 0.04
5.34 0.04
5.36 0.02
5.38 0.02
5.4 0.02
5.42 0.02
5.44 0.04
5.46 0.04
5.48 0.06
5.5 0.04
5.52 0.04
5.54 0.02
5.56 0.02
5.58 0.04
5.6 0.02
5.62 0.02
5.64 0.02
5.66 0.04
5.68 0.04
5.7 0.04
5.72 0.04
5.74 0.02
5.76 0.02
5.78 0.02
5.8 0.02
5.82 0.04
5.84 0.02
5.86 0.02
5.88 0.02
5.9 0.02
5.92 0.04
5.94 0.02
5.96 0.02
5.98 0.02
6 0.02
6.02 0.02
6.04 0.02
6.06 0.08
6.08 0.06
6.1 0.04
6.12 0.02
6.14 0.02
6.16 0.04
6.18 0.06
6.2 0.06
6.24 0.02
6.26 0.04
6.28 0.04
6.3 0.02
6.32 0.02
6.34 0.04
6.36 0.08
6.38 0.06
6.4 0.04
6.42 0.02
6.44 0.02
6.46 0.02
6.48 0.06
6.5 0.04
6.52 0.04
6.54 0.02
6.56 0.02
6.58 0.02
6.6 0.02
6.62 0.04
6.64 0.02
6.66 0.02
6.68 0.04
6.7 0.02
6.72 0.02
6.74 0.02
6.76 0.02
6.78 0.02
6.8 0.04
6.82 0.04
6.84 0.04
6.86 0.04
6.88 0.04
6.9 0.02
6.92 0.04
6.94 0.02
6.96 0.02
6.98 0.02
7 0.02
7.02 0.02
7.04 0.02
7.06 0.04
7.08 0.04
7.1 0.02
7.12 0.02
7.14 0.04
7.16 0.02
7.18 0.06
7.2 0.04
7.22 0.02
7.24 0.04
7.26 0.04
7.28 0.04
7.3 0.04
7.32 0.02
7.34 0.04
7.36 0.02
7.38 0.12
7.4 0.12
7.42 0.1
7.44 0.08
7.46 0.06
7.48 0.04
7.5 0.04
7.52 0.04
7.54 0.04
7.56 0.02
7.58 0.02
7.6 0.04
7.62 0.02
7.64 0.02
7.66 0.04
7.68 0.04
7.7 0.04
7.72 0.02
7.74 0.06
7.76 0.04
7.78 0.04
7.8 0.02
7.82 0.04
7.94 0.06
7.96 0.06
7.98 0.04
8.02 0.04
8.04 0.02
8.06 0.04
8.08 0.08
8.1 0.06
8.12 0.04
8.14 0.02
8.16 0.02
8.18 0.04
8.2 0.04
8.22 0.04
8.24 0.02
8.26 0.04
8.28 0.02
8.3 0.02
8.32 0.04
8.34 0.02
8.36 0.04
8.38 0.12
8.4 0.12
8.42 0.1
8.44 0.08
8.46 0.06
8.48 0.04
8.5 0.02
8.52 0.02
8.54 0.04
8.56 0.02
8.58 0.04
8.6 0.02
8.62 0.02
8.64 0.02
8.66 0.02
8.68 0.04
8.7 0.04
8.72 0.08
8.74 0.06
8.76 0.04
8.78 0.04
8.8 0.02
8.82 0.04
8.84 0.04
8.86 0.04
8.88 0.04
8.9 0.04
8.92 0.02
8.94 0.02
8.96 0.02
8.98 0.02
9 0.04
9.02 0.02
9.04 0.04
9.06 0.02
9.08 0.02
9.1 0.02
9.12 0.04
9.14 0.02
9.16 0.02
9.18 0.02
9.2 0.04
9.22 0.04
9.24 0.04
9.26 0.02
9.28 0.04
9.3 0.02
9.32 0.02
9.34 0.04
9.36 0.04
9.38 0.12
9.4 0.12
9.42 0.12
9.44 0.1
9.46 0.1
9.48 0.1
9.5 0.1
9.52 0.1
9.54 0.1
9.56 0.08
9.58 0.06
9.6 0.04
9.62 0.02
9.64 0.02
9.66 0.02
9.68 0.02
9.7 0.02
9.72 0.02
9.74 0.06
9.76 0.06
9.78 0.04
9.8 0.02
9.82 0.02
9.84 0
9.86 0
9.88 0
9.9 0
9.92 0.02
9.94 0.04
9.96 0.02
9.98 0.02
10 0.02
10.02 0.02
10.04 0.02
10.06 0.02
10.08 0.02
10.1 0.02
10.12 0.02
10.14 0.02
10.16 0.02
10.18 0.02
10.2 0.02
10.22 0.02
10.24 0.02
10.26 0.02
10.28 0.02
10.3 0.02
10.32 0.1
10.34 0.08
10.38 0.04
10.36 0.06
10.4 0.02
10.42 0.04
10.44 0.02
10.46 0.04
10.48 0.04
10.5 0.02
10.52 0.02
10.54 0.04
10.56 0.02
10.58 0.02
10.6 0.04
10.62 0.04
10.64 0.02
10.66 0.02
10.7 0.04
10.72 0.02
10.74 0.04
10.76 0.02
10.78 0.04
10.8 0.04
10.82 0.02
10.84 0.04
10.86 0.02
10.88 0.02
10.9 0.02
10.92 0.04
10.94 0.02
10.96 0.02
10.98 0.02
11 0.02
11.02 0.08
11.04 0.08
11.06 0.06
11.08 0.04
11.1 0.04
11.12 0.02
11.14 0.04
11.16 0.04
11.18 0.02
11.2 0.02
11.22 0.02
11.24 0.04
11.26 0.04
11.28 0.04
11.3 0.02
11.32 0.04
11.34 0.08
11.36 0.06
11.38 0.04
11.4 0.02
11.42 0.02
11.44 0.02
11.46 0
11.48 0.02
11.5 0.02
11.52 0.02
11.54 0.02
11.56 0.04
11.58 0.02
11.6 0.04
11.62 0.04
11.64 0.02
11.66 0.02
11.68 0.06
11.7 0.04
11.72 0.02
11.74 0.02
11.76 0.02
11.78 0.06
11.8 0.04
11.82 0.02
11.84 0.02
11.86 0.02
11.88 0.04
11.9 0.02
11.92 0.04
11.94 0.02
11.96 0.02
11.98 0.02
12.02 0.04
12.04 0.02
12.06 0.02
12.08 0.02
12.1 0.02
12.12 0.02
12.14 0.04
12.16 0.04
12.18 0.02
12.2 0.02
12.22 0.04
12.24 0.02
12.26 0.02
12.28 0.04
12.3 0.02
12.32 0.02
12.34 0.04
12.36 0.04
12.38 0.12
12.4 0.12
12.42 0.1
12.44 0.08
12.46 0.06
12.48 0.04
12.5 0.02
12.52 0.02
12.54 0.02
12.56 0.02
12.58 0.02
12.6 0.04
12.62 0.02
12.64 0.04
12.66 0.02
12.7 0.02
12.72 0.04
12.74 0.02
12.76 0.02
12.78 0.02
12.8 0.04
12.82 0.04
12.84 0.02
12.86 0.04
12.88 0.02
12.9 0.04
12.92 0.04
12.94 0.02
12.98 0.02
13 0.04
13.02 0.02
13.04 0.02
13.06 0.04
13.08 0.04
13.1 0.02
13.12 0.02
13.14 0.04
13.16 0.02
13.18 0.02
13.2 0.02
13.22 0.02
13.24 0.02
13.26 0.04
13.28 0.04
13.3 0.02
13.32 0.04
13.34 0.02
13.36 0.04
13.38 0.02
13.4 0.02
13.42 0.04
13.44 0.02
13.48 0.04
13.5 0.02
13.52 0.02
13.54 0.02
13.56 0.02
13.58 0.04
13.6 0.02
13.62 0.04
13.64 0.02
13.66 0.02
13.68 0.08
13.7 0.06
13.72 0.04
13.74 0.04
13.76 0.02
13.78 0.02
13.8 0.04
13.82 0.04
13.84 0.04
13.86 0.04
13.88 0.04
13.9 0.04
13.92 0.02
13.94 0.02
13.96 0.04
13.98 0.02
14 0.04
14.02 0.02
14.04 0.04
14.06 0.04
14.08 0.04
14.1 0.02
14.12 0.04
14.14 0.02
14.16 0.04
14.18 0.04
14.2 0.04
14.22 0.02
14.24 0.02
14.26 0.02
14.28 0.02
14.3 0.04
14.32 0.02
14.34 0.02
14.36 0.02
14.56 0.1
14.58 0.08
14.6 0.06
14.62 0.04
14.64 0.02
14.66 0.04
14.68 0.04
14.7 0.04
14.72 0.04
14.74 0.02
14.76 0.04
14.78 0.04
14.8 0.02
14.82 0.04
14.84 0.06
14.86 0.04
14.88 0.02
14.9 0.04
14.92 0.04
14.94 0.02
14.96 0.04
14.98 0.04
15 0.02
15.02 0.04
15.04 0.04
15.06 0.02
15.08 0.04
15.1 0.02
15.12 0.04
15.14 0.02
15.16 0.02
15.18 0.02
15.2 0.04
15.22 0.02
15.24 0.04
15.26 0.04
15.28 0.02
15.3 0.04
15.32 0.02
15.34 0.04
15.36 0.02
15.38 0.14
15.4 0.12
15.42 0.1
15.44 0.08
15.46 0.06
15.48 0.06
15.5 0.04
15.52 0.04
15.54 0.04
15.56 0.02
15.58 0.04
15.6 0.04
15.62 0.04
15.64 0.04
15.66 0.04
15.68 0.02
15.7 0.02
15.72 0.02
15.74 0.04
15.76 0.02
15.78 0.02
15.8 0.02
15.82 0.04
15.84 0.04
15.86 0.06
15.88 0.04
15.9 0.02
15.92 0.02
15.94 0.02
15.96 0.02
15.98 0.02
16 0.02
16.02 0.04
16.04 0.04
16.06 0.04
16.08 0.04
16.1 0.04
16.12 0.04
16.14 0.04
16.16 0.04
16.18 0.04
16.2 0.04
16.22 0.04
16.24 0.04
16.26 0.02
16.28 0.04
16.3 0.02
16.32 0.04
16.34 0.02
16.36 0.04
16.38 0.12
16.4 0.12
16.42 0.1
16.44 0.08
16.46 0.06
16.48 0.06
16.5 0.04
16.52 0.04
16.54 0.02
16.56 0.04
16.58 0.04
16.6 0.02
16.62 0.02
16.64 0.02
16.66 0.02
16.68 0.02
16.7 0.02
16.72 0.04
16.74 0.04
16.76 0.04
16.78 0.02
16.8 0.04
16.82 0.04
16.84 0.04
16.86 0.02
16.88 0.04
16.9 0.04
16.92 0.04
16.94 0.02
16.96 0.04
16.98 0.04
17 0.04
17.02 0.02
17.04 0.04
17.06 0.02
17.08 0.02
17.1 0.04
17.12 0.02
17.14 0.02
17.16 0.02
17.18 0.04
17.2 0.04
17.22 0.04
17.24 0.02
17.26 0.04
17.28 0.04
17.3 0.02
17.32 0.02
17.34 0.02
17.36 0.02
17.38 0.14
17.4 0.14
17.42 0.12
17.44 0.1
17.46 0.08
17.48 0.06
17.5 0.04
17.52 0.04
17.54 0.02
17.56 0.02
17.58 0.04
17.6 0.02
17.62 0.04
17.64 0.02
17.66 0.02
17.68 0.04
17.7 0.06
17.72 0.04
17.74 0.04
17.76 0.04
17.78 0.02
17.8 0.02
17.82 0.04
17.84 0.02
17.86 0.02
17.88 0.02
17.9 0.04
17.92 0.02
17.94 0.04
17.96 0.02
17.98 0.02
18 0.02
18.02 0.02
18.04 0.02
18.06 0.02
18.08 0.02
18.1 0.02
18.12 0.02
18.14 0.02
18.16 0.02
18.18 0.04
18.2 0.04
18.22 0.02
18.24 0.02
18.26 0.04
18.28 0.02
18.32 0.02
18.34 0.04
18.36 0.04
18.38 0.14
18.4 0.12
18.42 0.1
18.44 0.08
18.46 0.08
18.48 0.06
18.5 0.04
18.52 0.04
18.54 0.02
18.56 0.02
18.58 0.04
18.6 0.02
18.62 0.04
18.64 0.04
18.66 0.02
18.68 0.04
18.7 0.04
18.72 0.02
18.74 0.02
18.76 0.02
18.78 0.02
18.8 0.02
18.82 0.02
18.84 0.02
18.86 0.04
18.88 0.04
18.9 0.04
18.92 0.04
18.94 0.02
18.96 0.04
18.98 0.02
19 0.02
19.02 0.02
19.04 0.04
19.06 0.04
19.08 0.04
19.1 0.04
19.12 0.04
19.14 0.04
19.16 0.02
19.18 0.04
19.2 0.02
19.22 0.02
19.24 0.02
19.26 0.04
19.28 0.02
19.3 0.04
19.32 0.04
19.34 0.02
19.36 0.04
19.38 0.12
19.4 0.12
19.42 0.1
19.44 0.08
19.46 0.08
19.48 0.06
19.5 0.04
19.52 0.04
19.54 0.02
19.56 0.02
19.58 0.04
19.6 0.02
19.62 0.02
19.66 0.02
19.68 0.04
19.7 0.04
19.72 0.02
19.74 0.04
19.76 0.02
19.78 0.04
19.8 0.04
19.82 0.02
19.84 0.02
19.86 0.04
19.88 0.02
19.9 0.06
19.92 0.04
19.94 0.02
19.96 0.02
19.98 0.02
20 0.02
20.02 0.04
20.04 0.04
20.06 0.04
20.08 0.04
20.1 0.02
20.12 0.02
20.14 0.02
20.16 0.02
20.18 0.04
20.2 0.02
20.22 0.04
20.24 0.02
20.26 0.04
20.28 0.06
20.3 0.04
20.32 0.02
20.34 0.02
20.36 0.04
20.4 0.12
20.46 0.06
20.58 0.02
20.84 0.02
20.86 0.02
20.38 1.08
20.42 1.04
20.44 1.02
20.5 0.98
20.52 0.98
20.54 0.96
20.56 0.94
20.6 0.9
20.62 0.88
20.64 0.86
20.66 0.84
20.68 0.82
20.72 0.8
20.7 0.82
20.74 0.78
20.76 0.76
20.78 0.74
20.8 0.72
20.82 0.7
20.88 0.64
20.9 0.62
21.04 0.5
21.06 0.48
21.08 0.46
21.1 0.44
21.12 0.42
21.14 0.4
21.16 0.4
21.18 0.38
21.2 0.36
21.24 0.32
21.28 0.3
21.46 0.12
21.4 0.18
21.42 0.16
21.44 0.14
21.48 0.1
21.5 0.08
21.52 0.06
21.54 0.04
21.56 0.04
21.58 0.02
21.6 0.02
21.62 0.02
21.64 0.04
21.66 0.04
21.68 0.02
21.7 0.04
21.72 0.04
21.74 0.02
21.76 0.02
21.78 0.02
21.8 0.04
21.82 0.04
21.84 0.02
21.86 0.04
21.88 0.02
21.9 0.02
21.92 0.02
21.94 0.02
21.96 0.02
21.98 0.02
22 0.02
22.02 0.04
22.04 0.06
22.06 0.04
22.08 0.04
22.1 0.02
22.12 0.02
22.32 0.06
22.34 0.04
22.36 0.04
22.38 0.14
22.4 0.12
22.44 0.1
22.46 0.08
22.48 0.06
22.5 0.04
22.52 0.04
22.68 0.08
22.7 0.06
22.72 0.04
22.74 0.04
22.76 0.02
22.78 0.02
22.8 0.04
22.82 0.02
22.84 0.02
22.86 0.04
22.88 0.02
22.9 0.04
22.92 0.02
22.94 0.04
22.96 0.02
22.98 0.04
23 0.04
23.02 0.02
23.04 0.04
23.06 0.02
23.08 0.04
23.1 0.04
23.12 0.04
23.14 0.02
23.16 0.02
23.18 0.02
23.2 0.02
23.22 0.04
23.24 0.02
23.26 0.02
23.28 0.04
23.3 0.04
23.32 0.04
23.34 0.02
23.36 0.02
23.38 0.12
23.4 0.12
23.42 0.1
23.44 0.08
23.46 0.06
23.48 0.04
23.5 0.04
23.52 0.04
23.54 0.02
23.56 0.04
23.58 0.02
23.6 0.04
23.62 0.02
23.64 0.02
23.66 0.04
23.68 0.04
23.7 0.02
23.72 0.02
23.74 0.02
23.76 0.02
23.78 0.02
23.8 0.04
23.82 0.02
