0 1.792
0.02 1.792
0.04 1.776
0.08 1.864
0.1 1.844
0.12 1.824
0.16 1.912
0.18 1.892
0.2 1.872
0.24 1.832
0.26 1.94
0.38 1.948
0.4 1.928
0.74 1.844
1 1.712
1.02 1.692
1.04 1.672
1.2 1.512
1.22 1.62
1.24 1.6
1.38 1.588
1.6 1.496
1.62 1.476
1.86 1.364
1.96 1.392
1.98 1.372
2 1.352
2.06 1.42
2.08 1.4
2.3 1.18
2.32 1.16
2.34 1.14
2.36 1.248
2.38 1.228
2.4 1.208
2.42 1.188
2.44 1.296
2.46 1.276
2.48 1.256
2.5 1.236
2.54 1.324
2.56 1.432
2.58 1.412
2.6 1.392
2.7 1.42
2.72 1.4
2.74 1.38
2.82 1.428
2.84 1.408
2.86 1.388
2.88 1.368
2.9 1.348
2.92 1.328
3.12 1.256
3.14 1.364
3.16 1.344
3.18 1.452
3.2 1.56
3.22 1.54
3.24 1.52
3.28 1.608
3.32 1.696
3.68 1.464
3.78 1.364
4.28 1.376
4.46 1.58
4.52 1.52
4.94 1.484
4.96 1.464
6.78 1.052
6.84 1.12
8.72 1.544
8.74 1.524
8.76 1.504
8.78 1.484
8.84 1.68
8.86 1.66
8.9 1.712
8.92 1.728
8.94 1.708
8.96 1.688
8.98 1.752
9 1.776
9.02 1.756
9.08 1.696
9.1 1.804
9.28 1.624
9.38 1.632
9.4 1.632
9.66 1.5
9.68 1.736
9.78 1.636
9.9 1.772
10.06 1.612
10.08 1.592
10.1 1.572
10.12 1.552
10.16 1.64
10.18 1.62
10.28 1.648
10.54 1.516
10.56 1.496
10.86 1.452
10.88 1.432
11 1.472
11.14 1.392
11.16 1.408
11.18 1.388
11.26 1.436
11.28 1.416
11.48 1.472
11.62 1.46
11.78 1.428
11.8 1.408
11.82 1.516
11.84 1.496
11.94 1.396
11.96 1.504
11.98 1.484
12.02 1.444
12.54 1.692
12.56 1.8
12.58 1.78
12.6 1.76
12.62 1.868
12.64 1.976
12.66 1.956
12.84 1.904
12.94 1.932
12.96 2.04
13.18 1.82
13.36 1.64
13.42 1.708
13.5 1.756
13.72 1.572
13.74 1.644
13.92 1.464
14.04 1.6
14.2 1.44
14.46 1.436
14.48 1.416
14.5 1.396
14.56 1.464
14.58 1.444
14.66 1.364
14.84 1.568
15.04 1.496
15.18 1.484
15.28 1.512
15.3 1.492
15.32 1.472
15.34 1.452
17.08 1.632
17.2 1.64
17.22 1.62
17.28 1.816
17.3 1.924
17.32 1.904
17.5 1.724
17.52 1.704
17.54 1.812
17.56 1.792
17.58 1.772
17.7 1.78
17.72 1.76
17.74 1.74
18.32 1.544
18.34 1.652
18.36 1.632
18.38 1.612
18.4 1.592
18.48 1.512
18.76 1.488
18.88 1.368
18.9 1.476
18.92 1.552
19.04 1.464
19.06 1.444
19.08 1.424
19.1 1.404
20.84 1.2
20.86 1.18
20.88 1.16
20.9 1.268
20.92 1.248
20.94 1.228
20.96 1.208
20.98 1.188
21 1.168
21.02 1.276
21.1 1.324
21.12 1.304
21.16 1.264
21.18 1.372
21.22 1.46
21.24 1.44
21.26 1.42
21.28 1.528
21.3 1.508
21.32 1.512
21.34 1.596
21.36 1.576
21.56 1.504
21.58 1.484
21.82 1.244
21.84 1.352
21.9 1.42
21.92 1.4
21.94 1.38
22.14 1.308
22.16 1.288
22.3 1.276
22.32 1.256
22.34 1.364
22.36 1.344
22.46 1.244
22.48 1.232
22.5 1.332
22.68 1.28
22.7 1.26
22.78 1.308
22.8 1.288
22.82 1.272
23.08 1.136
23.1 1.244
23.22 1.508
23.24 1.488
23.38 1.604
23.4 1.584
23.5 1.612
23.6 1.64
23.64 1.6
23.66 1.58
23.74 1.5
23.9 1.596
23.92 1.576
23.94 1.556
24.06 1.564
24.08 1.544
24.64 1.24
24.92 1.216
25.16 1.232
25.2 1.192
25.34 1.308
25.62 1.54
25.64 1.52
25.68 1.48
25.74 1.548
25.76 1.528
25.82 1.468
25.84 1.576
25.86 1.556
25.88 1.536
25.9 1.552
25.98 1.564
26 1.544
26.02 1.652
26.04 1.632
26.06 1.612
26.08 1.592
26.12 1.552
26.14 1.66
26.3 1.5
26.32 1.608
26.34 1.588
26.4 1.712
26.42 1.764
26.44 1.744
26.52 1.664
31.5 1.164
31.54 1.124
31.62 1.172
31.68 1.24
31.7 1.22
31.84 1.208
31.86 1.188
31.9 1.148
31.98 1.196
32 1.176
32.12 1.184
32.14 1.164
32.2 1.232
32.22 1.212
32.24 1.192
32.26 1.172
32.32 1.368
32.46 1.356
32.48 1.336
32.54 1.404
32.56 1.384
32.58 1.364
32.6 1.344
32.84 1.104
32.88 1.192
32.9 1.172
32.92 1.28
32.94 1.26
32.96 1.24
32.98 1.22
33.06 1.396
33.08 1.376
33.1 1.356
33.24 1.216
33.26 1.324
35.84 1.176
35.9 1.244
36.06 1.084
36.88 1.032
36.9 1.012
38.64 1.192
38.66 1.172
38.68 1.152
38.78 1.18
38.84 1.248
38.86 1.228
38.88 1.208
38.9 1.188
38.92 1.296
38.94 1.276
39.02 1.324
39.04 1.304
39.06 1.392
39.08 1.392
39.16 1.44
39.18 1.42
39.32 1.28
40.48 1.528
41.52 1
41.58 1.068
41.62 1.156
41.66 1.116
41.7 1.204
41.72 1.184
41.74 1.292
41.8 1.36
41.82 1.34
41.86 1.3
41.88 1.28
41.9 1.26
41.92 1.24
41.96 1.328
42.08 1.208
42.2 1.216
42.56 1.24
42.58 1.22
42.64 1.16
42.66 1.14
42.68 1.12
42.7 1.228
42.72 1.208
42.74 1.312
42.8 1.256
42.82 1.236
42.96 1.352
42.98 1.332
43 1.312
43.04 1.4
43.08 1.432
43.38 1.312
43.48 1.216
43.5 1.324
43.58 1.372
43.74 1.34
43.76 1.32
43.82 1.388
43.98 1.612
44.18 1.412
44.5 1.22
44.66 1.06
44.72 1
44.82 0.9
44.84 0.88
44.9 0.82
44.92 1.312
44.94 1.292
44.96 1.272
44.98 1.252
45.02 1.212
45.04 1.192
45.08 1.152
45.1 1.132
45.12 1.112
45.14 1.092
45.16 1.072
45.18 1.052
45.28 0.952
45.3 0.932
45.38 0.852
45.4 0.832
45.52 0.712
45.54 0.692
45.66 0.572
45.68 0.552
45.7 0.572
45.76 0.6
45.78 0.58
45.8 0.56
45.82 0.54
45.84 0.552
45.86 0.628
45.88 0.608
45.9 0.588
45.92 0.568
45.94 0.548
45.96 0.656
45.98 0.636
46 0.616
46.02 0.596
46.04 0.592
46.06 0.684
46.08 0.664
46.1 0.644
46.12 0.624
46.14 0.732
46.16 0.712
46.18 0.692
46.2 0.672
46.22 0.652
46.32 0.552
46.34 0.532
46.36 0.512
46.38 0.62
46.4 0.6
46.42 0.58
46.44 0.56
46.46 0.54
46.48 0.52
46.5 0.5
46.52 0.48
46.54 0.532
46.56 0.568
46.58 0.548
46.6 0.528
46.62 0.508
46.74 0.388
46.78 0.432
46.82 0.436
46.84 0.416
46.86 0.396
46.88 0.376
46.9 0.356
46.92 0.372
46.94 0.444
46.96 0.424
46.98 0.404
47 0.384
47.02 0.364
47.04 0.344
47.06 0.432
47.08 0.432
47.1 0.412
47.12 0.392
47.14 0.5
47.16 0.48
47.18 0.46
47.2 0.568
47.22 0.548
47.24 0.656
47.26 0.636
47.28 0.616
47.3 0.596
47.32 0.576
47.34 0.684
47.36 0.664
47.38 0.644
47.4 0.624
47.42 0.732
47.44 0.712
47.46 0.692
47.48 0.672
47.5 0.652
47.52 0.632
47.54 0.612
47.56 0.72
47.58 0.7
47.6 0.68
47.62 0.66
47.64 0.64
47.66 0.62
47.68 0.6
47.7 0.58
47.72 0.688
47.74 0.668
47.78 0.628
47.8 0.608
47.9 0.508
47.92 0.488
47.94 0.468
47.96 0.576
47.98 0.556
48 0.536
48.02 0.516
48.04 0.496
48.06 0.476
48.08 0.472
48.1 0.564
48.12 0.544
48.14 0.524
48.16 0.504
48.18 0.484
48.2 0.464
48.22 0.572
48.24 0.552
48.26 0.532
48.28 0.512
48.3 0.492
48.32 0.6
48.34 0.58
48.38 0.54
48.4 0.52
48.42 0.5
48.44 0.48
48.46 0.588
48.48 0.568
48.5 0.548
48.52 0.528
48.54 0.508
48.56 0.616
48.58 0.596
48.6 0.576
48.62 0.556
48.64 0.536
48.66 0.644
48.68 0.624
48.7 0.604
48.72 0.584
48.74 0.564
48.76 0.544
48.78 0.652
48.8 0.632
48.82 0.612
48.84 0.592
48.86 0.572
48.88 0.572
48.9 0.66
48.92 0.64
48.94 0.62
48.96 0.6
48.98 0.58
49 0.632
49.02 0.668
49.04 0.648
49.06 0.628
49.08 0.608
49.1 0.588
49.12 0.696
49.14 0.676
49.16 0.656
49.18 0.636
49.22 0.612
49.24 0.652
49.26 0.672
49.28 0.664
49.3 0.644
49.32 0.624
49.34 0.604
49.36 0.584
49.38 0.564
49.4 0.544
49.42 0.652
49.44 0.632
49.46 0.612
49.48 0.592
49.5 0.572
49.52 0.572
50.12 0.336
50.14 0.316
50.16 0.296
50.18 0.352
50.2 0.384
50.22 0.364
50.24 0.472
50.26 0.452
50.28 0.432
50.3 0.412
50.32 0.392
50.34 0.372
50.36 0.352
50.38 0.332
50.4 0.312
50.42 0.292
50.44 0.272
50.46 0.312
50.48 0.312
50.5 0.34
50.52 0.32
50.54 0.3
50.56 0.28
50.58 0.26
50.6 0.24
50.62 0.348
50.64 0.328
50.66 0.308
50.68 0.288
50.7 0.268
50.72 0.332
50.74 0.356
50.76 0.336
50.78 0.316
50.8 0.296
50.82 0.276
50.84 0.292
50.86 0.364
50.88 0.344
50.9 0.324
50.92 0.304
50.94 0.412
50.96 0.392
50.98 0.372
51 0.352
51.02 0.332
51.04 0.312
51.06 0.292
51.08 0.4
51.1 0.38
51.12 0.36
51.14 0.34
51.16 0.32
51.18 0.312
51.2 0.312
51.22 0.388
51.24 0.368
51.26 0.348
51.28 0.328
51.3 0.372
51.32 0.416
51.34 0.396
51.36 0.376
51.38 0.356
51.4 0.336
51.42 0.316
51.44 0.296
51.46 0.404
51.48 0.384
51.5 0.364
51.52 0.344
51.54 0.324
51.56 0.332
51.58 0.412
51.6 0.392
51.62 0.372
51.64 0.352
51.66 0.332
51.68 0.372
51.7 0.42
51.72 0.4
51.74 0.38
51.76 0.36
51.78 0.34
51.8 0.448
51.82 0.428
51.84 0.408
52.04 0.336
52.06 0.316
52.08 0.296
52.1 0.276
52.12 0.332
52.14 0.364
52.16 0.344
52.18 0.324
52.2 0.304
52.22 0.412
52.24 0.392
52.26 0.372
52.28 0.352
52.3 0.332
52.32 0.312
52.34 0.42
52.36 0.4
52.4 0.36
52.42 0.34
52.44 0.32
52.46 0.428
52.48 0.408
52.5 0.388
52.52 0.368
52.54 0.412
52.56 0.456
52.58 0.436
52.6 0.416
52.62 0.396
52.64 0.376
52.66 0.356
52.68 0.336
52.7 0.316
52.72 0.296
52.74 0.404
52.76 0.384
52.78 0.364
52.8 0.344
52.82 0.324
52.84 0.304
52.86 0.284
52.88 0.392
52.9 0.372
52.92 0.352
52.94 0.332
52.96 0.312
52.98 0.292
53 0.4
53.02 0.38
53.04 0.36
53.06 0.34
53.08 0.32
53.1 0.3
53.12 0.28
53.14 0.388
53.16 0.368
53.28 0.376
53.3 0.484
53.32 0.464
53.34 0.532
53.36 0.552
53.38 0.532
53.4 0.512
53.42 0.62
53.44 0.6
53.46 0.672
53.48 0.688
53.64 0.656
53.66 0.636
54.18 0.884
56.06 1.052
56.12 1.12
56.14 1.1
55.78 1.46
56.56 1.448
57.12 1.332
57.16 1.312
57.24 1.408
57.26 1.388
57.28 1.368
57.3 1.348
