0 0.3
0.02 0.36
0.04 0.36
0.06 0.34
0.08 0.34
0.1 0.32
0.12 0.34
0.14 0.34
0.16 0.36
0.18 0.36
0.2 0.44
0.22 0.44
0.24 0.44
0.26 0.46
0.28 0.46
0.3 0.46
0.32 0.46
0.34 0.48
0.36 0.5
0.38 0.52
0.4 0.5
0.42 0.5
0.44 0.52
0.46 0.52
0.48 0.54
0.5 0.52
0.52 0.52
0.54 0.54
0.56 0.56
0.58 0.58
0.6 0.58
0.62 0.56
0.64 0.56
0.66 0.58
0.68 0.58
0.7 0.6
0.72 0.6
0.74 0.6
0.76 0.62
0.78 0.62
0.8 0.68
0.82 0.66
1 0.6
1.08 0.54
1.1 0.56
1.12 0.56
1.14 0.6
1.22 0.52
1.24 0.52
1.26 0.52
1.28 0.52
1.3 0.54
1.38 0.54
1.4 0.54
1.48 0.48
1.5 0.52
1.52 0.5
1.54 0.5
1.56 0.52
1.6 0.52
1.62 0.54
1.64 0.52
1.66 0.54
1.72 0.5
1.74 0.5
1.76 0.52
1.78 0.52
1.8 0.52
1.82 0.52
1.86 0.52
1.88 0.52
1.9 0.54
1.94 0.52
1.98 0.5
2 0.5
2.02 0.52
2.04 0.52
2.06 0.52
2.08 0.54
2.1 0.56
2.12 0.56
2.14 0.6
2.16 0.58
2.18 0.58
2.2 0.6
2.22 0.6
2.7 0.26
2.76 0.24
2.78 0.24
2.8 0.24
2.82 0.26
2.88 0.22
2.9 0.22
2.92 0.24
2.94 0.26
2.96 0.26
3 0.24
3.02 0.24
3.04 0.26
3.06 0.26
3.08 0.26
3.12 0.24
3.14 0.26
3.16 0.26
3.18 0.26
3.2 0.28
3.26 0.24
3.28 0.26
3.3 0.26
3.32 0.26
3.34 0.28
3.36 0.28
3.38 0.28
3.52 0.22
3.54 0.22
3.56 0.24
3.58 0.26
3.6 0.26
3.66 0.28
3.68 0.3
3.7 0.28
3.72 0.3
3.74 0.3
3.76 0.32
3.78 0.32
3.8 0.34
3.82 0.36
3.84 0.38
3.86 0.38
3.88 0.4
3.9 0.4
3.92 0.4
3.94 0.4
3.96 0.42
3.98 0.42
4 0.4
4.02 0.4
4.04 0.4
4.06 0.4
4.08 0.4
4.1 0.42
4.12 0.42
4.14 0.42
4.16 0.44
4.18 0.44
4.2 0.46
4.22 0.46
4.24 0.5
4.26 0.48
4.28 0.48
4.3 0.48
4.32 0.48
4.38 0.52
4.4 0.52
4.42 0.52
4.44 0.52
4.46 0.52
4.48 0.54
4.5 0.54
4.52 0.54
4.54 0.56
4.56 0.56
4.58 0.56
4.6 0.58
4.62 0.58
4.64 0.58
4.66 0.58
4.68 0.58
4.7 0.6
4.72 0.6
4.74 0.6
4.76 0.62
4.78 0.62
4.8 0.64
4.82 0.66
4.84 0.64
4.86 0.66
4.88 0.66
4.9 0.68
4.92 0.68
4.94 0.7
4.96 0.7
4.98 0.7
5 0.7
5.02 0.72
5.04 0.72
5.06 0.72
5.08 0.72
5.1 0.76
5.12 0.74
5.16 0.74
5.18 0.76
5.2 0.76
5.22 0.76
5.3 0.72
5.44 0.62
5.46 0.64
5.48 0.64
5.5 0.64
5.56 0.62
5.58 0.62
5.6 0.62
5.62 0.62
5.64 0.66
5.68 0.66
5.7 0.66
5.72 0.64
5.74 0.64
5.76 0.64
5.82 0.6
5.84 0.62
5.86 0.62
5.88 0.62
5.9 0.64
5.92 0.64
5.94 0.64
5.96 0.64
5.98 0.66
6 0.66
6.02 0.66
6.04 0.7
6.08 0.66
6.1 0.66
6.12 0.7
6.14 0.7
6.16 0.72
6.18 0.72
6.2 0.72
6.22 0.74
6.24 0.76
6.26 0.76
6.28 0.76
6.3 0.78
6.32 0.78
6.34 0.82
6.36 0.8
6.38 0.82
6.4 0.82
6.42 0.84
6.44 0.88
6.46 0.86
6.48 0.86
6.52 0.84
6.6 0.78
6.62 0.8
6.64 0.8
6.7 0.76
6.72 0.78
6.74 0.78
6.76 0.78
6.78 0.78
6.84 0.76
6.86 0.76
6.88 0.76
6.9 0.76
6.92 0.78
6.94 0.8
6.96 0.78
6.98 0.8
7 0.8
7.02 0.8
7.1 0.76
7.12 0.76
7.14 0.76
7.16 0.76
7.18 0.78
7.24 0.74
7.26 0.76
7.28 0.78
7.3 0.76
7.32 0.78
7.34 0.76
7.36 0.78
7.38 0.78
7.4 0.78
7.42 0.82
7.46 0.78
7.48 0.78
7.5 0.8
7.52 0.8
7.54 0.8
7.56 0.82
7.58 0.82
7.62 0.8
7.64 0.8
7.72 0.76
7.74 0.76
7.76 0.78
7.78 0.78
7.8 0.78
7.82 0.8
7.94 0.72
7.96 0.72
8 0.74
8.02 0.72
8.04 0.74
8.08 0.72
8.12 0.72
8.14 0.72
8.16 0.72
8.18 0.74
8.2 0.74
8.24 0.74
8.26 0.74
8.28 0.76
8.34 0.72
8.38 0.72
8.4 0.72
8.42 0.72
8.44 0.74
8.46 0.74
8.52 0.72
8.54 0.72
8.56 0.72
8.58 0.74
8.6 0.74
8.64 0.74
8.66 0.74
8.68 0.74
8.7 0.76
8.72 0.78
8.74 0.78
8.76 0.8
8.78 0.8
8.8 0.82
8.84 0.8
8.9 0.76
8.92 0.76
8.94 0.8
8.96 0.78
9.02 0.74
9.04 0.74
9.06 0.76
9.08 0.76
9.1 0.76
9.12 0.78
9.16 0.76
9.18 0.78
9.2 0.78
9.22 0.78
9.26 0.78
9.8 0.38
9.82 0.38
9.86 0.36
9.88 0.4
9.9 0.38
9.92 0.38
9.94 0.4
9.96 0.4
9.98 0.4
10 0.42
10.02 0.42
10.04 0.44
10.06 0.44
10.08 0.44
10.1 0.44
10.12 0.44
10.18 0.42
10.22 0.4
10.3 0.34
10.32 0.34
10.34 0.36
10.36 0.38
10.38 0.36
10.4 0.38
10.44 0.4
10.46 0.4
10.54 0.34
10.56 0.36
10.58 0.36
10.6 0.36
10.62 0.38
10.64 0.38
10.66 0.38
10.68 0.42
10.7 0.42
10.72 0.4
10.74 0.4
10.76 0.44
10.78 0.42
10.8 0.42
10.86 0.44
10.88 0.44
10.9 0.46
10.92 0.46
10.94 0.46
10.96 0.48
10.98 0.48
11 0.48
11.02 0.48
11.04 0.5
11.06 0.5
11.08 0.5
11.1 0.5
11.12 0.52
11.14 0.52
11.16 0.58
11.18 0.56
11.2 0.54
11.22 0.54
11.24 0.56
11.26 0.56
11.28 0.58
11.3 0.58
11.32 0.58
11.34 0.6
11.36 0.6
11.38 0.6
11.4 0.62
11.42 0.62
11.44 0.62
11.46 0.64
11.48 0.64
11.5 0.64
11.52 0.68
11.54 0.72
11.56 0.72
11.58 0.72
11.6 0.72
11.62 0.76
11.64 0.76
11.66 0.74
11.68 0.74
11.7 0.72
11.72 0.72
11.74 0.74
11.76 0.74
11.78 0.74
11.8 0.76
11.82 0.96
11.84 0.96
11.86 0.94
11.88 0.94
11.9 0.94
11.92 0.92
11.94 0.92
11.96 0.92
11.98 0.92
12 0.92
12.02 0.9
12.04 0.9
12.1 0.86
12.12 0.86
12.14 0.88
12.16 0.88
12.18 0.86
12.22 0.84
12.24 0.86
12.26 0.84
12.28 0.84
12.3 0.84
12.36 0.82
12.38 0.8
12.4 0.8
12.42 0.8
12.44 0.8
12.46 0.8
12.48 0.8
12.5 0.82
12.52 0.82
12.54 0.82
12.6 0.8
12.62 0.8
12.64 0.82
12.66 0.82
12.68 0.82
12.74 0.78
12.76 0.8
12.78 0.8
12.8 0.8
12.82 0.82
12.86 0.8
12.88 0.8
12.9 0.84
12.92 0.84
13 0.76
13.02 0.76
13.04 0.78
13.06 0.78
13.08 0.82
13.12 0.8
13.14 0.78
13.16 0.78
13.18 0.78
13.2 0.8
13.24 0.78
13.26 0.82
13.28 0.8
13.3 0.8
13.4 0.82
13.42 0.82
13.44 0.82
13.5 0.78
13.52 0.78
13.54 0.84
13.56 0.84
13.58 0.82
13.64 0.8
13.66 0.78
13.68 0.8
13.7 0.78
13.72 0.8
13.76 0.84
13.78 0.82
13.8 0.8
13.82 0.92
13.84 0.92
13.88 0.88
13.9 0.86
13.92 0.84
13.96 0.82
14.02 0.78
14.04 0.78
14.06 0.8
14.08 0.8
14.1 0.8
14.14 0.8
14.16 0.8
14.18 0.8
14.2 0.82
14.3 0.8
14.32 0.84
14.34 0.82
14.36 0.84
14.56 0.68
14.58 0.68
14.6 0.66
14.62 0.68
14.64 0.68
14.66 0.7
14.68 0.7
14.7 0.7
14.72 0.72
14.74 0.72
14.76 0.72
14.78 0.72
14.8 0.74
14.82 0.74
14.84 0.74
14.86 0.74
14.88 0.76
14.92 0.78
14.94 0.8
14.96 0.78
14.98 0.78
15.04 0.76
15.06 0.76
15.08 0.78
15.1 0.78
15.16 0.74
15.18 0.76
15.2 0.76
15.22 0.76
15.24 0.78
15.3 0.74
15.32 0.74
15.34 0.76
15.36 0.78
15.38 0.76
15.42 0.76
15.44 0.76
15.46 0.78
15.48 0.8
15.56 0.72
15.58 0.76
15.6 0.78
15.62 0.78
15.68 0.74
15.7 0.72
15.72 0.72
15.78 0.72
15.8 0.74
15.82 0.74
15.84 0.74
15.86 0.76
15.9 0.74
15.94 0.72
15.96 0.72
15.98 0.76
16 0.74
16.04 0.74
16.06 0.74
16.08 0.76
16.1 0.76
16.12 0.76
16.16 0.76
16.2 0.74
16.22 0.74
16.24 0.76
16.26 0.76
16.28 0.76
16.3 0.76
16.32 0.76
16.34 0.76
16.36 0.78
16.38 0.78
16.4 0.8
16.42 0.78
16.44 0.8
16.46 0.82
16.48 0.8
16.5 0.82
16.52 0.82
16.58 0.8
16.6 0.8
16.62 0.8
16.64 0.8
16.68 0.8
16.7 0.8
16.72 0.82
16.74 0.82
16.76 0.86
16.82 0.8
16.84 0.8
16.86 0.82
16.88 0.8
16.96 0.78
17.08 0.68
17.1 0.7
17.12 0.7
17.14 0.72
17.16 0.7
17.2 0.7
17.22 0.72
17.24 0.7
17.26 0.72
17.28 0.72
17.34 0.7
17.36 0.74
17.38 0.76
17.4 0.74
17.42 0.74
17.46 0.7
17.48 0.72
17.5 0.7
17.52 0.72
17.54 0.74
17.6 0.68
17.62 0.7
17.64 0.7
17.66 0.7
17.68 0.72
17.72 0.68
17.74 0.72
17.76 0.74
17.78 0.72
17.8 0.72
17.86 0.68
17.88 0.7
17.9 0.7
17.92 0.7
17.94 0.7
17.96 0.72
17.98 0.72
18 0.74
18.02 0.74
18.08 0.7
18.12 0.7
18.14 0.72
18.16 0.74
18.18 0.72
18.2 0.72
18.22 0.76
18.24 0.74
18.26 0.76
18.28 0.76
18.3 0.76
18.32 0.78
18.38 0.78
18.4 0.78
18.5 0.72
18.62 0.62
18.64 0.62
18.66 0.64
18.68 0.64
18.7 0.64
18.76 0.62
18.78 0.62
18.8 0.62
18.82 0.62
18.84 0.66
18.88 0.64
18.9 0.64
18.92 0.68
18.94 0.68
18.96 0.68
19 0.8
19.02 0.78
19.04 0.76
19.06 0.74
19.16 0.64
19.18 0.62
19.2 0.62
19.22 0.62
19.24 0.62
19.26 0.64
19.28 0.64
19.3 0.64
19.32 0.64
19.34 0.66
19.4 0.64
19.42 0.64
19.44 0.64
19.46 0.64
19.48 0.64
19.5 0.66
19.52 0.66
19.54 0.68
19.56 0.7
19.58 0.68
19.6 0.68
19.62 0.7
19.64 0.7
19.66 0.7
19.68 0.7
19.7 0.7
19.72 0.72
19.74 0.72
19.76 0.72
20.16 0.46
20.18 0.48
20.2 0.5
20.22 0.52
20.28 0.46
20.3 0.44
20.32 0.46
20.34 0.46
20.36 0.46
20.4 0.44
20.42 0.46
20.44 0.46
20.46 0.46
20.48 0.46
20.54 0.44
20.56 0.44
20.58 0.46
20.6 0.46
20.62 0.46
20.68 0.44
20.7 0.44
20.72 0.44
20.74 0.46
20.76 0.46
20.8 0.44
20.82 0.46
20.84 0.46
20.86 0.46
20.88 0.46
20.92 0.44
20.94 0.46
20.96 0.46
20.98 0.48
21 0.48
21.02 0.48
21.04 0.5
21.06 0.52
21.08 0.5
21.1 0.5
21.12 0.52
21.14 0.52
21.16 0.54
21.18 0.56
21.2 0.54
21.22 0.54
21.24 0.56
21.26 0.56
21.28 0.58
21.3 0.56
21.32 0.58
21.44 0.58
21.46 0.58
21.48 0.58
21.5 0.6
21.52 0.6
21.54 0.62
21.56 0.64
21.58 0.64
21.6 0.62
21.62 0.64
21.64 0.66
21.66 0.66
21.68 0.66
21.7 0.66
21.72 0.68
21.74 0.68
21.76 0.68
21.78 0.68
21.8 0.68
21.82 0.72
21.84 0.72
21.86 0.7
21.88 0.72
21.9 0.72
21.92 0.74
21.94 0.72
21.96 0.72
21.98 0.76
22 0.74
22.02 0.76
22.04 0.76
22.08 0.74
22.1 0.76
22.12 0.74
22.32 0.6
22.34 0.62
22.36 0.6
22.38 0.62
22.4 0.64
22.42 0.64
22.44 0.66
22.68 0.5
22.7 0.5
22.72 0.5
22.74 0.52
22.76 0.52
22.78 0.54
22.8 0.54
22.82 0.56
22.84 0.58
22.86 0.56
22.88 0.56
22.9 0.56
22.92 0.58
22.94 0.58
22.98 0.56
23 0.58
23.02 0.6
23.04 0.6
23.06 0.58
23.1 0.58
23.12 0.58
23.14 0.6
23.16 0.6
23.18 0.6
23.24 0.56
23.26 0.56
23.28 0.58
23.3 0.58
23.32 0.58
23.36 0.58
23.38 0.58
23.4 0.6
23.42 0.6
23.44 0.6
23.48 0.6
23.5 0.58
23.52 0.58
23.54 0.6
23.56 0.6
23.58 0.6
23.6 0.6
23.62 0.62
23.64 0.62
23.66 0.62
23.68 0.66
23.7 0.66
23.72 0.66
23.74 0.66
23.76 0.68
23.78 0.72
23.8 0.74
23.82 0.74
23.84 0.74
23.86 0.74
23.88 0.74
23.9 0.74
23.92 0.72
23.94 0.74
23.96 0.74
23.98 0.76
24 0.76
24.02 0.76
24.04 0.8
24.06 0.78
24.08 0.8
24.12 0.8
24.14 0.8
24.16 0.78
24.18 0.78
24.2 0.8
24.26 0.78
24.28 0.76
24.38 0.74
24.4 0.74
24.42 0.76
24.44 0.76
24.46 0.76
24.52 0.76
24.54 0.74
24.56 0.74
24.58 0.78
24.6 0.8
24.64 0.78
24.66 0.76
24.68 0.76
24.7 0.76
24.72 0.76
24.74 0.76
24.76 0.78
24.78 0.78
24.8 0.78
24.82 0.8
24.84 0.82
24.9 0.84
24.92 0.82
24.94 0.84
24.96 0.82
25 0.8
25.02 0.82
25.04 0.82
25.06 0.82
25.08 0.82
25.1 0.82
25.12 0.86
25.16 0.82
25.18 0.8
25.2 0.84
25.22 0.84
25.28 0.78
25.3 0.8
25.32 0.82
25.34 0.82
25.36 0.8
25.4 0.82
25.42 0.84
25.44 0.84
25.46 0.84
25.54 0.78
25.56 0.78
25.58 0.78
25.6 0.78
25.66 0.76
25.68 0.76
25.7 0.78
25.72 0.78
25.74 0.78
25.8 0.74
25.82 0.76
25.84 0.76
25.86 0.76
25.88 0.76
25.9 0.78
25.92 0.78
25.94 0.8
25.96 0.84
25.98 0.86
26.04 0.84
26.06 0.86
26.08 0.84
26.1 0.86
26.12 0.84
26.18 0.8
26.2 0.8
26.22 0.82
26.24 0.82
26.26 0.8
26.3 0.78
26.32 0.78
26.34 0.78
26.36 0.78
26.44 0.72
26.46 0.72
26.48 0.74
26.5 0.74
26.52 0.74
26.56 0.72
26.58 0.74
26.6 0.74
26.62 0.74
26.64 0.76
26.68 0.74
26.7 0.74
26.72 0.76
26.74 0.76
26.76 0.78
26.78 0.78
27.2 0.5
27.22 0.52
27.24 0.5
27.32 0.48
27.34 0.48
27.36 0.48
27.38 0.5
27.4 0.5
27.44 0.48
27.46 0.5
27.48 0.5
27.5 0.5
27.52 0.5
27.58 0.48
27.6 0.46
27.62 0.48
27.64 0.48
27.66 0.48
27.7 0.48
27.72 0.48
27.74 0.48
27.76 0.5
27.78 0.5
27.84 0.46
27.86 0.46
