0 0.02
0.02 0.02
0.04 0.06
0.06 0.04
0.08 0.02
0.1 0.02
0.12 0.02
0.14 0.04
0.16 0.06
0.18 0.06
0.2 0.04
0.22 0.02
0.24 0.04
0.26 0.02
0.28 0.02
0.3 0.06
0.32 0.04
0.34 0.06
0.36 0.06
0.38 0.04
0.4 0.02
0.42 0.02
0.44 0.02
0.46 0.04
0.48 0.06
0.5 0.04
0.52 0.02
0.54 0.02
0.56 0.02
0.58 0.02
0.6 0.04
0.62 0.06
0.66 0.02
0.68 0.02
0.64 0.08
0.7 0.04
0.72 0.02
0.74 0.04
0.76 0.04
0.78 0.02
0.8 0.02
0.82 0.06
0.84 0.04
1 0.02
1.02 0.04
1.04 0.04
1.06 0.04
1.08 0.02
1.1 0.02
1.12 0.06
1.14 0.06
1.16 0.06
1.18 0.04
1.2 0.02
1.22 0.04
1.24 0.04
1.26 0.02
1.28 0.02
1.3 0.02
1.32 0.04
1.34 0.02
1.36 0.02
1.38 0.04
1.4 0.02
1.42 0.04
1.44 0.04
1.46 0.02
1.48 0.04
1.5 0.04
1.52 0.02
1.54 0.02
1.56 0.04
1.58 0.02
1.6 0.02
1.62 0.02
1.64 0.04
1.66 0.02
1.68 0.04
1.7 0.02
1.72 0.02
1.74 0.04
1.76 0.02
1.78 0.02
1.8 0.02
1.82 0.02
1.84 0.02
1.86 0.02
1.88 0.04
1.9 0.04
1.92 0.02
1.94 0.04
1.96 0.02
1.98 0.04
2 0.02
2.02 0.04
2.04 0.02
2.06 0.02
2.08 0.02
2.1 0.02
2.12 0.02
2.14 0.02
2.16 0.02
2.18 0.02
2.2 0.02
2.22 0.02
2.24 0.02
2.26 0.02
2.28 0.02
2.3 0.02
2.32 0.04
2.34 0.02
2.36 0.02
2.38 0.04
2.4 0.02
2.42 0.02
2.44 0.06
2.46 0.04
2.48 0.02
2.5 0.04
2.52 0.04
2.54 0.04
2.56 0.02
2.58 0.02
2.6 0.04
2.62 0.02
2.64 0.02
2.66 0.02
2.68 0.02
2.7 0.02
2.72 0.02
2.74 0.04
2.76 0.02
2.78 0.04
2.8 0.02
2.82 0.04
2.84 0.02
2.86 0.02
2.88 0.04
2.9 0.02
2.92 0.04
2.94 0.02
2.96 0.02
2.98 0.02
3 0.04
3.02 0.02
3.04 0.02
3.06 0.02
3.08 0.02
3.1 0.02
3.12 0.02
3.14 0.04
3.16 0.04
3.18 0.04
3.2 0.02
3.22 0.04
3.24 0.04
3.26 0.04
3.28 0.02
3.3 0.04
3.32 0.02
3.34 0.02
3.36 0.04
3.38 0.04
3.4 0.02
3.52 0.08
3.54 0.06
3.56 0.04
3.58 0.02
3.6 0.06
3.62 0.04
3.64 0.02
3.66 0.04
3.68 0.04
3.7 0.02
3.72 0.02
3.74 0.02
3.76 0.04
3.78 0.02
3.8 0.06
3.82 0.04
3.84 0.02
3.86 0.02
3.88 0.06
3.9 0.04
3.92 0.02
3.94 0.02
3.96 0.04
3.98 0.04
4 0.02
4.02 0.02
4.04 0.02
4.06 0.02
4.08 0.02
4.1 0.02
4.12 0.04
4.14 0.04
4.16 0.02
4.18 0.02
4.2 0.06
4.22 0.04
4.24 0.02
4.26 0.02
4.28 0.04
4.3 0.04
4.32 0.02
4.34 0.02
4.36 0.04
4.38 0.04
4.4 0.04
4.42 0.02
4.44 0.02
4.46 0.02
4.48 0.02
4.5 0.04
4.52 0.02
4.54 0.02
4.56 0.02
4.58 0.02
4.6 0.02
4.62 0.04
4.64 0.02
4.66 0.02
4.68 0.02
4.7 0.02
4.72 0.02
4.74 0.04
4.76 0.06
4.78 0.04
4.8 0.04
4.82 0.02
4.84 0.02
4.86 0.04
4.88 0.04
4.9 0.06
4.92 0.04
4.94 0.04
4.96 0.02
4.98 0.02
5 0.02
5.02 0.02
5.04 0.02
5.06 0.04
5.08 0.02
5.1 0.04
5.12 0.02
5.14 0.02
5.16 0.04
5.18 0.04
5.2 0.02
5.22 0.02
5.24 0.04
5.26 0.04
5.28 0.06
5.3 0.04
5.32 0.02
5.34 0.02
5.36 0.02
5.38 0.02
5.4 0.02
5.42 0.06
5.44 0.04
5.46 0.02
5.48 0.04
5.5 0.04
5.52 0.02
5.54 0.02
5.56 0.04
5.58 0.02
5.6 0.02
5.62 0.04
5.64 0.06
5.66 0.04
5.68 0.02
5.7 0.04
5.72 0.02
5.74 0.04
5.76 0.04
5.78 0.02
5.8 0.02
5.82 0.04
5.84 0.02
5.86 0.02
5.88 0.04
5.9 0.02
5.92 0.04
5.94 0.04
5.96 0.02
5.98 0.02
6 0.04
6.02 0.02
6.04 0.04
6.06 0.02
6.08 0.04
6.1 0.02
6.12 0.04
6.14 0.04
6.16 0.04
6.18 0.02
6.2 0.04
6.22 0.02
6.24 0.06
6.26 0.04
6.28 0.02
6.3 0.04
6.32 0.16
6.34 0.14
6.36 0.14
6.38 0.12
6.4 0.1
6.42 0.08
6.44 0.08
6.46 0.06
6.48 0.06
6.5 0.06
6.52 0.06
6.54 0.04
6.56 0.02
6.58 0.04
6.6 0.02
6.62 0.04
6.64 0.02
6.66 0.04
6.68 0.04
6.7 0.04
6.72 0.04
6.74 0.02
6.76 0.04
6.78 0.04
6.8 0.02
6.82 0.04
6.84 0.02
6.86 0.04
6.88 0.02
6.9 0.02
6.92 0.04
6.94 0.02
6.96 0.04
6.98 0.04
7 0.02
7.02 0.02
7.04 0.04
7.06 0.04
7.08 0.02
7.1 0.06
7.12 0.04
7.14 0.02
7.16 0.04
7.18 0.04
7.2 0.06
7.22 0.04
7.24 0.04
7.26 0.02
7.28 0.02
7.3 0.02
7.32 0.04
7.36 0.02
7.34 0.06
7.38 0.02
7.4 0.02
7.42 0.02
7.44 0.06
7.46 0.04
7.48 0.04
7.5 0.04
7.52 0.04
7.54 0.06
7.56 0.04
7.58 0.02
7.6 0.02
7.62 0.02
7.64 0.02
7.66 0.04
7.68 0.04
7.7 0.04
7.72 0.04
7.74 0.02
7.76 0.02
7.78 0.04
7.8 0.02
7.82 0.04
7.94 0.08
7.96 0.06
7.98 0.06
8 0.04
8.02 0.02
8.04 0.02
8.06 0.02
8.08 0.06
8.1 0.04
8.12 0.04
8.14 0.02
8.16 0.04
8.18 0.02
8.2 0.04
8.22 0.02
8.24 0.04
8.26 0.02
8.28 0.04
8.3 0.04
8.32 0.04
8.34 0.02
8.36 0.02
8.38 0.02
8.4 0.04
8.42 0.02
8.44 0.02
8.46 0.02
8.48 0.04
8.5 0.02
8.52 0.02
8.54 0.04
8.56 0.04
8.58 0.02
8.6 0.04
8.62 0.02
8.64 0.02
8.66 0.04
8.68 0.02
8.7 0.02
8.72 0.06
8.74 0.04
8.76 0.04
8.78 0.02
8.8 0.04
8.82 0.04
8.84 0.02
8.86 0.02
8.88 0.02
8.9 0.02
8.92 0.02
8.94 0.04
8.96 0.04
8.98 0.02
9 0.02
9.02 0.04
9.04 0.04
9.06 0.02
9.08 0.02
9.1 0.04
9.12 0.04
9.14 0.02
9.16 0.04
9.18 0.04
9.2 0.04
9.22 0.02
9.24 0.02
9.26 0.02
9.28 0.04
9.3 0.02
9.32 0.04
9.34 0.02
9.36 0.04
9.38 0.04
9.4 0.02
9.42 0.06
9.44 0.04
9.46 0.02
9.48 0.02
9.5 0.04
9.52 0.04
9.54 0.02
9.56 0.02
9.58 0.02
9.6 0.02
9.62 0.02
9.64 0.04
9.66 0.04
9.68 0.02
9.7 0.02
9.72 0.02
9.74 0.02
9.76 0.02
9.78 0.04
9.8 0.02
9.82 0.04
9.84 0.02
9.86 0.02
9.88 0.02
9.9 0.02
9.92 0.04
9.94 0.04
9.96 0.06
9.98 0.04
10 0.02
10.02 0.02
10.04 0.02
10.06 0.02
10.08 0.02
10.1 0.04
10.12 0.04
10.14 0.04
10.16 0.04
10.18 0.02
10.2 0.02
10.22 0.04
10.24 0.02
10.26 0.02
10.28 0.04
10.3 0.04
10.32 0.04
10.34 0.04
10.36 0.02
10.38 0.02
10.4 0.04
10.42 0.02
10.44 0.02
10.46 0.04
10.48 0.02
10.5 0.02
10.52 0.04
10.54 0.02
10.56 0.04
10.58 0.04
10.6 0.02
10.62 0.02
10.64 0.02
10.66 0.04
10.68 0.02
10.7 0.02
10.72 0.02
10.74 0.02
10.76 0.02
10.78 0.02
10.8 0.02
10.82 0.04
10.84 0.04
10.86 0.02
10.88 0.02
10.9 0.04
10.92 0.04
10.94 0.02
10.96 0.04
10.98 0.02
11 0.02
11.02 0.04
11.04 0.04
11.06 0.06
11.08 0.04
11.1 0.04
11.12 0.04
11.14 0.04
11.16 0.04
11.18 0.02
11.2 0.02
11.22 0.04
11.24 0.02
11.26 0.04
11.28 0.06
11.3 0.04
11.32 0.04
11.34 0.02
11.36 0.02
11.38 0.02
11.4 0.02
11.42 0.06
11.44 0.06
11.46 0.04
11.48 0.02
11.5 0.02
11.52 0.02
11.54 0.02
11.56 0.02
11.58 0.02
11.6 0.06
11.62 0.04
11.64 0.04
11.66 0.04
11.68 0.04
11.7 0.04
11.72 0.02
11.74 0.02
11.76 0.04
11.78 0.02
11.8 0.04
11.82 0.04
11.84 0.06
11.86 0.04
11.88 0.02
11.9 0.04
11.92 0.04
11.94 0.02
11.96 0.04
11.98 0.04
12 0.02
12.02 0.04
12.04 0.04
12.06 0.02
12.08 0.02
12.1 0.02
12.12 0.02
12.14 0.02
12.16 0.04
12.18 0.04
12.2 0.02
12.22 0.02
12.24 0.02
12.26 0.02
12.28 0.02
12.3 0.02
12.32 0.02
12.34 0.04
12.36 0.02
12.38 0.04
12.4 0.02
12.42 0.04
12.44 0.02
12.46 0.02
12.48 0.04
12.5 0.02
12.52 0.04
12.54 0.04
12.56 0.02
12.58 0.02
12.6 0.04
12.62 0.04
12.64 0.02
12.66 0.04
12.68 0.04
12.7 0.02
12.72 0.02
12.74 0.04
12.76 0.02
12.78 0.02
12.8 0.06
12.82 0.04
12.84 0.04
12.86 0.02
12.88 0.02
12.9 0.02
12.92 0.02
12.94 0.02
12.96 0.02
12.98 0.04
13 0.02
13.02 0.02
13.04 0.02
13.06 0.02
13.08 0.02
13.1 0.04
13.12 0.02
13.14 0.02
13.16 0.04
13.18 0.04
13.2 0.04
13.22 0.02
13.24 0.02
13.26 0.04
13.28 0.04
13.3 0.02
13.32 0.02
13.34 0.02
13.36 0.04
13.38 0.04
13.4 0.02
13.42 0.02
13.44 0.04
13.46 0.04
13.48 0.02
13.5 0.04
13.52 0.02
13.54 0.02
13.56 0.02
13.58 0.04
13.6 0.04
13.62 0.04
13.64 0.02
13.66 0.04
13.68 0.02
13.7 0.02
13.72 0.02
13.74 0.02
13.76 0.02
13.78 0.02
13.8 0.02
13.82 0.04
13.84 0.02
13.86 0.06
13.88 0.04
13.9 0.02
13.92 0.02
13.94 0.02
13.98 0.04
14 0.02
14.02 0.02
14.04 0.04
14.06 0.04
14.08 0.02
14.1 0.04
14.12 0.06
14.14 0.04
14.16 0.04
14.18 0.02
14.2 0.02
14.22 0.02
14.24 0.02
14.26 0.04
14.28 0.02
14.3 0.02
14.32 0.04
14.34 0.02
14.36 0.02
14.56 0.08
14.58 0.06
14.6 0.04
14.62 0.04
14.64 0.04
14.66 0.04
14.68 0.04
14.7 0.02
14.72 0.06
14.74 0.04
14.76 0.04
14.78 0.04
14.8 0.02
14.82 0.02
14.84 0.04
14.86 0.02
14.88 0.02
14.9 0.02
14.92 0.04
14.94 0.04
14.96 0.02
14.98 0.02
15 0.04
15.02 0.02
15.04 0.02
15.06 0.04
15.08 0.04
15.1 0.02
15.12 0.02
15.14 0.06
15.16 0.04
15.18 0.02
15.2 0.02
15.22 0.02
15.24 0.04
15.26 0.02
15.28 0.04
15.3 0.02
15.32 0.02
15.34 0.02
15.36 0.02
15.38 0.02
15.4 0.06
15.42 0.04
15.44 0.04
15.46 0.02
15.48 0.02
15.5 0.02
15.52 0.02
15.54 0.04
15.56 0.04
15.58 0.04
15.6 0.02
15.62 0.02
15.64 0.02
15.66 0.04
15.68 0.06
15.7 0.04
15.72 0.02
15.74 0.02
15.76 0.06
15.78 0.04
15.8 0.02
15.82 0.02
15.84 0.02
15.86 0.02
15.88 0.02
15.9 0.04
15.92 0.04
15.94 0.02
15.96 0.02
15.98 0.02
16 0.04
16.02 0.04
16.04 0.02
16.06 0.02
16.08 0.06
16.1 0.04
16.12 0.02
16.14 0.02
16.16 0.02
16.18 0.02
16.2 0.02
16.22 0.02
16.24 0.04
16.26 0.02
16.28 0.02
16.3 0.02
16.32 0.02
16.34 0.06
16.36 0.04
16.38 0.02
16.4 0.02
16.42 0.06
16.44 0.04
16.46 0.02
16.48 0.02
16.5 0.02
16.52 0.02
16.54 0.02
16.56 0.02
16.58 0.02
16.6 0.04
16.62 0.02
16.64 0.02
16.66 0.02
16.68 0.04
16.7 0.04
16.72 0.04
16.74 0.04
16.76 0.02
16.78 0.02
16.8 0.02
16.82 0.02
16.84 0.02
16.86 0.02
16.88 0.02
16.9 0.02
16.92 0.04
16.94 0.02
16.96 0.02
16.98 0.04
17 0.04
17.02 0.02
17.04 0.04
17.06 0.02
17.08 0.04
17.1 0.04
17.12 0.02
17.14 0.02
17.16 0.02
17.18 0.02
17.2 0.02
17.22 0.04
17.24 0.02
17.26 0.02
17.28 0.02
17.3 0.02
17.32 0.04
17.34 0.02
17.36 0.04
17.38 0.02
17.4 0.02
17.42 0.04
17.44 0.02
17.46 0.06
17.48 0.04
17.5 0.02
17.52 0.02
17.54 0.06
17.56 0.04
17.58 0.02
17.6 0.02
17.62 0.02
17.64 0.02
17.66 0.02
17.68 0.04
17.7 0.04
17.72 0.04
17.74 0.04
17.76 0.02
17.78 0.02
17.8 0.02
17.82 0.02
17.84 0.02
17.86 0.04
17.88 0.04
17.9 0.02
17.92 0.04
17.94 0.02
17.96 0.02
17.98 0.04
18 0.04
18.02 0.04
18.04 0.04
18.06 0.02
18.08 0.04
18.1 0.04
18.12 0.04
18.14 0.04
18.16 0.02
18.18 0.04
18.2 0.02
18.22 0.04
18.24 0.02
18.26 0.04
18.28 0.02
18.3 0.04
18.32 0.02
18.34 0.04
18.36 0.02
18.38 0.02
18.4 0.02
18.42 0.04
18.44 0.02
18.46 0.04
18.48 0.04
18.5 0.04
18.52 0.06
18.54 0.04
18.56 0.02
18.58 0.04
18.6 0.02
18.62 0.04
18.64 0.04
18.66 0.06
18.68 0.04
18.7 0.02
18.72 0.02
18.74 0.02
18.76 0.02
18.78 0.02
18.8 0.02
18.82 0.06
18.84 0.04
18.86 0.02
18.88 0.02
18.9 0.02
18.92 0.04
18.94 0.02
18.96 0.02
18.98 0.04
19 0.04
19.02 0.02
19.04 0.04
19.06 0.02
19.08 0.02
19.1 0.02
19.12 0.04
19.14 0.02
19.16 0.04
19.18 0.02
19.2 0.02
19.22 0.04
19.24 0.02
19.26 0.04
19.28 0.04
19.3 0.02
19.32 0.04
19.34 0.02
19.36 0.04
19.38 0.04
19.4 0.02
19.42 0.04
19.44 0.02
19.46 0.02
19.48 0.06
19.5 0.04
19.52 0.04
19.54 0.02
19.56 0.02
19.58 0.02
19.6 0.04
19.62 0.02
19.64 0.02
19.66 0.02
19.68 0.04
19.7 0.02
19.72 0.04
19.74 0.06
19.76 0.04
19.78 0.02
19.8 0.02
19.82 0.02
19.84 0.02
19.86 0.04
19.88 0.04
19.9 0.06
19.92 0.06
19.94 0.04
19.96 0.02
19.98 0.02
20 0.04
20.02 0.06
20.04 0.04
20.06 0.04
20.08 0.02
20.1 0.04
20.12 0.02
20.14 0.04
20.16 0.02
20.18 0.06
20.2 0.04
20.22 0.02
20.24 0.02
20.26 0.04
20.28 0.06
20.3 0.04
20.32 0.02
20.34 0.02
20.36 0.02
20.38 0.02
20.4 0.02
20.42 0.04
20.44 0.02
20.46 0.06
20.48 0.06
20.5 0.04
20.52 0.04
20.54 0.04
20.56 0.04
20.58 0.02
20.6 0.02
20.62 0.02
20.64 0.06
20.66 0.04
20.68 0.02
20.7 0.02
20.72 0.02
20.74 0.04
20.76 0.04
20.78 0.02
20.8 0.04
20.82 0.02
20.84 0.04
20.86 0.02
20.88 0.02
20.9 0.02
20.92 0.06
20.94 0.04
20.96 0.02
20.98 0.02
21 0.02
21.02 0.06
21.04 0.04
21.06 0.02
21.08 0.02
21.1 0.02
21.12 0.02
21.14 0.02
21.16 0.02
21.18 0.02
21.2 0.02
21.22 0.04
21.24 0.02
21.26 0.02
21.28 0.02
21.3 0.06
21.32 0.04
21.4 0.12
21.42 0.1
21.44 0.08
21.5 0.02
21.46 0.06
21.48 0.1
21.52 0.06
21.56 0.02
21.58 0.04
21.6 0.02
21.62 0.04
21.64 0.04
21.66 0.02
21.68 0.04
21.7 0.04
21.72 0.02
21.74 0.02
21.76 0.02
21.78 0.02
21.8 0.04
21.82 0.06
21.84 0.04
21.86 0.02
21.88 0.02
21.9 0.04
21.92 0.04
21.94 0.02
21.96 0.04
21.98 0.02
22 0.04
22.02 0.04
22.04 0.02
22.06 0.02
22.08 0.06
22.1 0.04
22.12 0.02
22.32 0.06
22.34 0.06
22.36 0.04
22.38 0.02
22.4 0.02
22.42 0.06
22.44 0.04
22.46 0.02
22.48 0.02
22.5 0.02
22.52 0.06
