0 0.212
0.02 0.304
0.04 0.3
0.06 0.28
0.08 0.26
0.1 0.624
0.12 0.604
0.14 0.584
0.16 0.564
0.18 0.544
0.2 0.524
0.22 0.504
0.24 0.484
0.26 0.464
0.28 0.484
0.3 0.484
0.32 0.484
0.34 0.484
0.36 0.492
0.38 0.472
0.4 0.452
0.42 0.432
0.44 0.412
0.46 0.392
0.48 0.372
0.5 0.352
0.52 0.332
0.54 0.312
0.56 0.292
0.58 0.272
0.6 0.252
0.62 0.232
0.64 0.212
0.66 0.224
0.68 0.244
0.7 0.28
0.72 0.26
0.74 0.24
0.76 0.22
0.78 0.2
0.86 0.248
0.88 0.228
0.9 0.336
0.92 0.316
0.94 0.296
0.96 0.276
0.98 0.256
1 0.236
1.04 0.196
1.06 0.304
1.08 0.412
1.1 0.392
1.12 0.372
1.16 0.332
1.18 0.312
1.2 0.292
1.22 0.272
1.24 0.38
1.26 0.36
1.3 0.32
1.32 0.3
1.34 0.28
1.36 0.26
1.38 0.24
1.4 0.22
1.42 0.2
1.44 0.308
1.46 0.288
1.48 0.268
1.5 0.248
1.54 0.208
1.56 0.188
1.6 0.276
1.62 0.256
1.66 0.344
1.68 0.324
1.72 0.284
1.74 0.264
1.76 0.244
2.1 0.16
2.12 0.268
2.14 0.248
2.16 0.228
2.18 0.208
2.2 0.316
2.22 0.296
2.24 0.276
2.26 0.256
2.28 0.236
2.3 0.216
2.32 0.196
2.34 0.176
2.36 0.284
2.38 0.264
2.4 0.244
2.42 0.224
2.44 0.204
2.46 0.184
2.48 0.292
2.5 0.272
2.52 0.252
2.54 0.232
2.56 0.212
2.58 0.192
2.6 0.3
2.62 0.28
2.64 0.26
2.66 0.24
2.68 0.22
2.7 0.2
2.72 0.308
2.74 0.288
2.76 0.268
2.78 0.248
2.8 0.228
2.82 0.208
2.86 0.296
2.88 0.276
2.9 0.256
2.92 0.236
2.94 0.216
2.96 0.196
2.98 0.176
3 0.184
3.02 0.264
3.04 0.244
3.06 0.224
3.08 0.284
3.1 0.312
3.12 0.292
3.14 0.272
3.5 0.296
3.52 0.276
3.54 0.256
3.56 0.236
3.58 0.344
3.6 0.324
3.62 0.304
3.64 0.284
3.66 0.264
3.68 0.244
3.7 0.224
3.72 0.204
3.74 0.184
3.76 0.164
3.78 0.272
3.8 0.252
3.82 0.232
3.84 0.212
3.86 0.192
3.88 0.172
3.9 0.28
3.92 0.26
3.94 0.24
3.96 0.22
3.98 0.2
4 0.308
4.02 0.288
4.04 0.268
4.06 0.376
4.08 0.356
4.1 0.336
4.12 0.316
4.14 0.296
4.16 0.276
4.18 0.256
4.2 0.236
4.22 0.216
4.24 0.224
4.26 0.244
4.28 0.284
4.3 0.264
4.32 0.244
4.34 0.224
4.36 0.204
4.38 0.284
4.4 0.292
4.42 0.272
4.44 0.252
4.46 0.232
4.48 0.212
4.5 0.32
4.52 0.3
4.54 0.28
4.56 0.26
4.58 0.368
4.6 0.348
4.62 0.328
4.64 0.308
4.66 0.288
4.68 0.268
4.7 0.248
4.72 0.228
4.74 0.208
4.76 0.316
4.78 0.296
4.84 0.236
4.86 0.216
4.8 0.276
4.82 0.256
4.88 0.196
4.9 0.304
4.92 0.284
4.94 0.264
4.96 0.244
4.98 0.224
5 0.332
5.02 0.312
5.04 0.292
5.06 0.272
5.08 0.252
5.1 0.36
5.12 0.34
5.14 0.32
5.16 0.3
5.18 0.28
5.2 0.26
5.22 0.24
5.24 0.22
5.26 0.2
5.28 0.18
5.3 0.288
5.32 0.268
5.34 0.248
5.36 0.228
5.38 0.284
5.4 0.316
5.44 0.276
5.46 0.256
5.48 0.236
5.5 0.344
5.52 0.324
5.54 0.304
5.56 0.384
5.58 0.392
5.6 0.372
5.62 0.352
5.64 0.332
5.66 0.312
5.68 0.292
5.7 0.272
5.74 0.232
5.76 0.212
5.78 0.192
5.8 0.172
5.82 0.28
5.84 0.26
5.86 0.24
5.88 0.22
5.9 0.2
5.92 0.224
5.94 0.288
5.96 0.268
6 0.356
6.02 0.336
6.04 0.316
6.06 0.296
6.08 0.276
6.12 0.236
6.14 0.216
6.16 0.224
6.18 0.244
6.2 0.284
6.22 0.264
6.24 0.244
6.26 0.224
6.28 0.204
6.3 0.184
6.36 0.252
6.38 0.232
6.4 0.212
6.42 0.192
6.44 0.264
6.46 0.264
6.48 0.388
6.5 0.368
6.52 0.348
6.54 0.456
6.56 0.436
6.58 0.416
6.6 0.396
6.62 0.376
6.64 0.356
6.66 0.336
6.68 0.316
6.7 0.296
6.72 0.276
6.74 0.256
6.76 0.236
6.78 0.216
6.8 0.324
6.82 0.304
6.84 0.284
6.86 0.264
6.88 0.244
6.9 0.224
6.92 0.204
6.94 0.312
6.96 0.292
6.98 0.272
7 0.38
7.02 0.36
7.04 0.34
7.06 0.32
7.08 0.428
7.1 0.408
7.12 0.388
7.14 0.368
7.16 0.348
7.18 0.328
7.2 0.308
7.22 0.288
7.24 0.268
7.26 0.248
7.28 0.228
7.3 0.208
7.32 0.188
7.34 0.168
7.36 0.276
7.38 0.256
7.4 0.236
7.42 0.216
7.44 0.324
7.46 0.304
7.48 0.284
7.5 0.264
7.52 0.244
7.54 0.224
7.56 0.204
7.58 0.184
7.6 0.264
7.62 0.272
7.64 0.38
7.66 0.36
7.68 0.34
7.7 0.32
7.72 0.3
7.74 0.28
7.76 0.26
7.78 0.24
7.8 0.22
7.82 0.2
7.84 0.308
7.86 0.288
7.88 0.268
7.9 0.248
7.92 0.356
7.94 0.336
7.96 0.316
7.98 0.296
8 0.276
8.02 0.256
8.04 0.236
8.06 0.216
8.08 0.224
8.14 0.344
8.16 0.344
8.18 0.344
8.2 0.332
8.22 0.312
8.24 0.292
8.26 0.272
8.28 0.252
8.3 0.232
8.32 0.212
8.34 0.192
8.36 0.3
8.38 0.28
8.4 0.26
8.42 0.24
8.44 0.304
8.46 0.328
8.48 0.308
8.5 0.288
8.52 0.268
8.54 0.248
8.56 0.228
8.58 0.208
8.6 0.188
8.64 0.276
8.66 0.256
8.68 0.236
8.72 0.196
8.74 0.176
8.76 0.284
8.78 0.264
8.8 0.244
8.82 0.224
8.84 0.204
8.86 0.244
8.88 0.284
8.9 0.272
8.92 0.252
8.94 0.232
8.96 0.212
8.98 0.192
9 0.3
9.02 0.28
9.04 0.26
9.06 0.24
9.08 0.22
9.1 0.2
9.12 0.18
9.14 0.288
9.16 0.268
9.18 0.248
9.2 0.228
9.22 0.208
9.24 0.188
9.26 0.296
9.28 0.276
9.3 0.256
9.32 0.236
9.34 0.216
9.36 0.196
9.38 0.176
9.4 0.284
9.42 0.264
9.44 0.244
9.46 0.224
9.48 0.204
9.5 0.184
9.52 0.244
9.54 0.272
9.56 0.252
9.58 0.232
9.6 0.212
9.62 0.192
9.64 0.3
9.66 0.28
9.68 0.26
9.7 0.24
9.72 0.22
9.74 0.2
9.76 0.308
9.78 0.288
9.8 0.396
9.88 0.316
9.9 0.296
9.92 0.276
9.94 0.256
9.96 0.236
9.98 0.216
10 0.196
10.02 0.244
10.04 0.284
10.06 0.264
10.08 0.244
10.1 0.224
10.12 0.204
10.14 0.184
10.16 0.204
10.18 0.272
10.2 0.252
10.22 0.36
10.24 0.34
10.26 0.32
10.28 0.3
10.3 0.28
10.32 0.26
10.34 0.24
10.36 0.22
10.58 0.256
10.6 0.236
10.62 0.216
10.64 0.196
10.66 0.224
10.68 0.284
10.7 0.264
10.72 0.244
10.74 0.244
10.76 0.244
10.78 0.244
10.8 0.292
10.82 0.272
10.84 0.252
10.86 0.36
10.96 0.26
10.98 0.24
11 0.22
11.02 0.2
11.04 0.18
11.06 0.288
11.08 0.268
11.1 0.248
11.12 0.324
11.14 0.336
11.16 0.316
11.18 0.296
11.2 0.276
11.22 0.384
11.24 0.364
11.26 0.344
11.28 0.324
11.3 0.304
11.32 0.284
11.34 0.264
11.36 0.244
11.38 0.352
11.4 0.332
11.42 0.312
11.44 0.292
11.46 0.272
11.52 0.212
11.54 0.32
11.72 0.268
11.74 0.248
11.76 0.228
11.78 0.208
11.8 0.316
11.82 0.296
11.84 0.276
11.86 0.256
11.88 0.236
11.9 0.216
11.92 0.196
11.94 0.304
11.96 0.284
11.98 0.264
12 0.244
12.02 0.224
12.04 0.324
12.06 0.312
12.08 0.292
12.1 0.272
12.12 0.252
12.14 0.232
12.16 0.212
12.18 0.192
12.2 0.3
12.22 0.28
12.24 0.388
12.26 0.368
12.28 0.348
12.3 0.328
12.32 0.436
12.34 0.416
12.36 0.396
12.38 0.376
12.4 0.356
12.42 0.336
12.44 0.316
12.46 0.296
12.48 0.276
12.5 0.256
12.58 0.304
12.6 0.284
12.62 0.264
12.64 0.244
12.66 0.224
12.68 0.204
12.7 0.184
12.72 0.224
12.74 0.4
12.76 0.38
12.78 0.36
12.8 0.34
12.82 0.32
12.84 0.428
12.86 0.408
12.88 0.388
12.9 0.368
12.92 0.348
12.94 0.328
12.96 0.308
12.98 0.288
13 0.268
13.02 0.248
13.04 0.228
13.06 0.208
13.08 0.188
13.1 0.296
13.12 0.276
13.14 0.256
13.16 0.236
13.18 0.216
13.2 0.196
13.22 0.176
13.24 0.284
13.26 0.264
13.28 0.244
13.3 0.224
13.32 0.284
13.34 0.312
13.36 0.292
13.38 0.272
13.4 0.252
13.42 0.36
13.44 0.34
13.46 0.32
13.48 0.3
13.5 0.28
13.52 0.26
13.54 0.368
13.56 0.348
13.58 0.328
13.6 0.308
13.62 0.288
13.64 0.268
13.66 0.248
13.68 0.356
13.7 0.336
13.72 0.316
13.74 0.296
13.76 0.276
13.78 0.256
13.8 0.236
13.82 0.216
13.84 0.324
13.86 0.304
13.88 0.284
13.9 0.264
13.92 0.244
13.94 0.244
13.96 0.332
13.98 0.312
14 0.292
14.02 0.272
