148.575
148.649
148.681
148.713
149.333
149.263
149.215
149.181
149.178
149.179
149.185
149.218
149.178
149.148
149.162
149.128
149.101
149.155
149.146
149.129
149.116
149.108
149.076
149.062
149.059
149.046
149.062
149.045
149.049
149.031
148.575
148.649
148.681
148.713
149.333
149.263
149.215
149.181
149.178
149.179
149.185
149.218
149.178
149.148
149.162
149.128
149.101
149.155
149.146
149.129
149.116
149.108
149.076
149.062
149.059
149.046
149.062
149.045
149.049
149.031
148.575
148.723
148.768
148.81
150.026
149.714
149.505
149.364
149.312
149.28
149.267
149.313
149.209
149.141
149.17
149.102
149.053
149.173
149.151
149.117
149.092
149.083
149.025
149.01
149.017
149.001
149.044
149.015
149.03
149
148.575
148.612
148.63
148.649
148.963
148.952
148.947
148.947
148.96
148.974
148.99
149.019
149.011
149.006
149.022
149.014
149.008
149.04
149.043
149.041
149.04
149.041
149.029
149.025
149.026
149.021
149.031
149.024
149.028
149.02
