148.575
149.168
148.902
148.936
153.674
148.777
148.878
148.943
149.156
149.183
149.230
149.451
148.895
148.936
149.260
148.895
148.908
149.531
149.088
149.012
149.020
149.054
148.853
148.965
149.038
148.953
149.173
148.926
149.078
148.907
148.575
149.168
148.902
148.936
153.674
148.777
148.878
148.943
149.156
149.183
149.230
149.451
148.895
148.936
149.260
148.895
148.908
149.531
149.088
149.012
149.020
149.054
148.853
148.965
149.038
148.953
149.173
148.926
149.078
148.907
148.575
149.168
148.902
148.936
153.674
148.777
148.878
148.943
149.156
149.183
149.230
149.451
148.895
148.936
149.260
148.895
148.908
149.531
149.088
149.012
149.020
149.054
148.853
148.965
149.038
148.953
149.173
148.926
149.078
148.907
148.575
149.168
148.902
148.936
153.674
148.777
148.878
148.943
149.156
149.183
149.230
149.451
148.895
148.936
149.260
148.895
148.908
149.531
149.088
149.012
149.020
149.054
148.853
148.965
149.038
148.953
149.173
148.926
149.078
148.907
