445.725
372.105
316.525
274.851
248.898
224.493
206.023
192.059
181.362
173.321
167.343
163.103
159.915
157.442
155.495
154.145
153.084
152.572
151.776
151.236
150.805
150.437
150.328
150.112
150.059
150.046
150.062
150.045
150.049
150.031
445.725
372.105
316.525
274.851
248.898
224.493
206.023
192.059
181.362
173.321
167.343
163.103
159.915
157.442
155.495
154.145
153.084
152.572
151.776
151.236
150.805
150.437
150.328
150.112
149.871
149.761
149.725
149.678
149.557
149.554
445.725
372.179
316.538
274.806
249.387
225.483
207.168
193.173
182.377
174.208
168.013
163.556
160.309
157.739
155.739
154.303
153.148
152.721
151.898
151.316
150.838
150.431
150.266
150.001
149.788
149.644
149.698
149.623
149.55
149.513
445.725
372.068
316.512
274.866
248.651
223.904
205.235
191.167
180.834
173.102
167.342
163.244
159.804
157.176
155.403
153.927
152.798
152.407
151.616
151.002
150.532
150.174
150.067
149.867
149.67
149.578
149.6
149.556
149.48
149.48
