0.13
0.12
0.12
0.12
0.11
0.12
0.11
0.13
0.11
0.12
0.13
0.15
0.11
0.13
0.11
0.12
0.11
0.11
0.14
0.11
0.12
0.11
0.11
0.12
0.12
0.14
0.11
0.11
0.11
0.12
0.12
0.11
0.14
0.14
1.79
0.22
0.12
0.13
0.12
0.12
0.11
0.12
0.12
0.13
0.12
0.12
0.12
0.12
0.12
0.12
0.12
2.32
0.12
0.13
0.12
0.12
0.11
0.11
0.11
1.57
0.12
0.13
0.12
0.12
0.12
0.12
0.12
0.12
0.12
0.13
0.12
0.12
0.12
0.12
0.12
0.23
0.14
0.12
0.13
0.12
0.14
0.12
0.12
0.11
1.39
0.21
0.12
0.14
0.13
0.12
0.12
0.13
0.12
0.67
0.14
0.12
0.12
0.12
0.12
0.12
