0.39
0.35
0.36
0.35
0.34
0.35
0.34
0.39
0.34
0.35
0.38
0.44
0.34
0.38
0.34
0.36
0.34
0.34
0.41
0.34
0.35
0.33
0.34
0.36
0.35
0.43
0.34
0.34
0.34
0.35
0.35
0.34
0.42
0.42
5.38
0.66
0.36
0.40
0.35
0.35
0.34
0.36
0.36
0.40
0.37
0.36
0.36
0.38
0.35
0.37
0.36
6.95
0.37
0.40
0.36
0.36
0.34
0.34
0.34
4.72
0.35
0.40
0.35
0.36
0.36
0.37
0.36
0.36
0.37
0.39
0.35
0.36
0.35
0.36
0.37
0.70
0.42
0.36
0.38
0.36
0.41
0.35
0.35
0.34
4.17
0.62
0.35
0.42
0.39
0.36
0.36
0.38
0.36
2.02
0.43
0.36
0.36
0.35
0.35
0.36
