0.52
0.46
0.48
0.46
0.45
0.47
0.45
0.52
0.45
0.47
0.51
0.58
0.45
0.51
0.45
0.48
0.46
0.46
0.55
0.46
0.47
0.44
0.46
0.47
0.47
0.57
0.46
0.46
0.46
0.47
0.46
0.46
0.56
0.56
7.17
0.88
0.48
0.53
0.47
0.47
0.45
0.48
0.48
0.54
0.49
0.48
0.48
0.50
0.47
0.49
0.48
9.27
0.49
0.53
0.48
0.48
0.45
0.46
0.46
6.30
0.47
0.53
0.46
0.49
0.48
0.49
0.48
0.48
0.49
0.52
0.47
0.48
0.46
0.48
0.49
0.93
0.56
0.48
0.51
0.48
0.55
0.46
0.47
0.45
5.56
0.82
0.47
0.56
0.52
0.49
0.49
0.50
0.48
2.69
0.58
0.47
0.48
0.47
0.47
0.48
