
30.6
165
70.2
30.5
29.3
30.1
30.9
29.5
40.6
239
157
82.1
30.2
77.8
31.1
29.7
30.2
30.5
28.4
30.3
30.1
29.9
29.4
29.4
30.2
30.6
90.1
30.0
30.4
29.9
296
66.0
28.5
29.3
28.5
212
28.7
28.2
29.8
28.8
29.7
29.0
28.8
29.1
29.8
28.5
29.7
29.6
30.0
31.2
28.9
29.5
30.1
29.9
87.6
32.8
30.7
30.7
30.9
29.3
30.1
28.6
28.5
28.6
28.8
44.6
65.3
31.0
323
124
105
69.0
29.5
129
111
35.0
35.6
31.9
29.4
56.2
39.1
30.2
30.4
78.0
170
88.6
56.1
30.2
30.5
29.9
30.5
30.1
31.0
69.4
30.3
30.4
35.3
29.6
29.6
29.5
29.4
29.0
29.5
29.8
29.8
31.1
29.2
29.8
30.6
31.2
29.9
28.8
30.4
30.3
29.2
30.3
30.6
30.1
29.0
30.8
31.1
29.2
30.4
29.5
28.5
29.4
30.5
30.4
30.6
31.0
30.3
29.0
30.6
29.2
29.7
29.3
30.1
30.2
30.2
30.0
30.0
28.7
30.4
30.3
37.7
31.4
36.1
30.1
53.3
30.3
30.3
32.0
30.8
30.5
95.2
30.2
30.5
39.9
68.0
29.5
44.9
103
264
278
309
230
251
480
370
320
345
574
393
314
338
258
281
506
432
349
271
90.0
316
238
158
38.4
30.3
30.7
30.3
34.3
30.7
30.3
30.7
30.2
33.2
29.3
30.1
31.0
30.7
30.0
30.7
30.7
88.6
72.0
29.9
30.1
30.6
98.6
30.0
30.1
30.0
30.3
29.4
29.2
29.7
231
58.4
275
196
218
142
162
286
207
96.1
30.1
30.9
30.2
30.4
30.9
30.8
30.9
30.2
29.8
29.6
29.4
30.2
30.2
30.5
30.6
30.1
92.9
31.1
31.1
30.2
30.4
30.5
30.7
30.6
30.7
57.9
30.8
30.7
31.0
30.5
30.7
31.2
31.1
30.1
30.0
30.1
30.8
30.5
42.1
31.1
30.7
34.7
30.7
31.1
29.6
30.3
28.8
31.2
30.7
48.0
30.7
30.4
30.4
29.9
30.2
30.7
30.4
30.3
30.7
31.2
31.1
29.8
30.2
30.9
30.1
30.5
32.4
86.6
51.5
61.5
30.7
30.2
30.4
30.3
30.6




