
308
334
359
383
505
637
655
351
359
318
547
570
631
456
540
333
381
405
322
355
373
236
307
547
570
601
412
436
267
329
405
221
349
213
192
180
184
215
284
177
227
215
408
353
424
651
329
393
211
176
257
343
200
222
245
269
292
212
236
259
281
176
329
191
188
184
216
347
266
287
314
232
258
233
177
225
353
271
296
216
240
263
287
207
230
253
276
401
325
450
372
394
523
543
565
591
409
637
657
377
297
526
547
367
595
413
334
461
383
293
326
337
578
602
317
444
467
491
320
333
301
276
300
219
445
369
290
311
336
257
279
201
327
452
297
198
177
240
264
286
308
332
254
279
198
324
177
372
293
213
237
260
285
262
302
353
316
337
323
243
267
241
519
543
259
386
203
329
252
273
272
320
343
264
287
412
333
458
380
302
175
261
474
196
257
237
313
297
206
175
253
178
320
323
246
232
290
484
407
348
437
206
329
217
254
195
175
550
276
290
177
258
287
263
406
366
374
431
398
422
398
264
397
516
358
358
325
405
281
320
425
330
317
341
321
252
230
535
244
234
198
378
361
374
304
317
201
184
204
186
213
198
272
248
198
220
205
229
366
317
176
304
341
280
193
206
242
323
176
221
295
345
313
379
384
305
364
353
303
196
261
243
192
204
212
362
298
384
408
225
251
273
258
175
264
181
192
263
212
204




