
1012.24
800.09
779.65
763.32
781.78
764.28
799.04
806.62
778.32
778.83
794.72
807.43
800.47
777.48
782.37
777.62
794.00
769.25
772.87
794.11
778.96
790.64
778.21
779.67
778.13
791.93
800.55
785.35
779.62
777.69
778.70
798.71
778.05
792.89
792.57
777.41
779.76
787.14
778.67
798.25
797.57
776.93
778.24
796.67
763.59
778.30
780.49
792.68
796.93
800.78
794.44
794.77
794.88
779.34
806.41
761.97
778.03
761.83
798.59
778.02
767.51
778.01
777.56
811.55
761.68
808.89
795.76
778.15
795.16
803.53
802.89
784.41
764.75
762.43
762.56
782.97
781.03
794.69
793.80
778.73
774.55
773.52
781.68
762.53
778.69
786.18
761.13
762.19
777.45
803.23
802.69
763.93
794.69
778.58
775.66
766.02
763.36
783.11
785.20
794.41
778.17
788.26
793.90
779.57
799.52
781.77
794.46
778.11
763.46
784.73
779.50
767.44
778.84
767.44
786.57
761.88
765.44
803.54
777.11
782.76
777.74
772.25
794.98
778.70
779.56
761.19
784.09
779.76
786.84
770.16
777.92
794.89
805.98
778.69
778.10
762.42
777.75
779.02
778.84
763.91
778.08
812.94
786.71
800.71
788.19
762.40
779.47
762.17
793.89
793.93
763.63
802.93
791.53
799.53
793.83
794.27
794.44
777.68
784.95
778.95
813.14
777.55
800.03
799.75
780.41
798.64
794.39
796.32
777.18
793.39
763.86
779.11
763.17
791.26
778.84
795.26
793.70
785.14
764.44
779.07
779.20
777.54
778.20
797.31
763.70
778.34
777.39
778.17
780.18
763.21
778.38
761.85
794.08
798.68
761.57
793.41
762.69
778.06
798.28
778.51
778.30
778.41
793.49
807.09
778.67
780.75
778.06
782.26
803.40
800.00
765.66
794.93
794.70
793.98
783.73
761.93
794.41
794.91
795.04
777.97
794.29
786.93
780.44
797.71
764.47
811.05
778.91
777.48
778.35
781.80
763.67
777.95
781.34
779.08
779.62
764.36
779.28
778.14
793.51
764.24
779.28
786.84
777.77
763.78
779.08
778.82
806.14
778.40
796.96
779.31
781.76
777.12
779.17
779.28
779.94
778.03
777.68
782.77
778.72
784.25
762.29
762.72
765.60
776.75
793.90
769.91
777.38
786.76
787.49
778.84
784.32
797.95
780.29
778.21
773.01
777.78
779.35
765.13
801.18
779.77
778.26
762.81
793.90
779.04
763.51
804.06
783.97
777.88
778.82
801.30
784.93
776.97
763.15
785.72
763.49
794.93
780.68
794.42
762.58
779.26



