
335.96
340.29
329.57
332.87
336.08
324.00
336.58
369.83
326.75
327.57
323.25
340.31
326.23
322.12
330.04
323.38
331.25
328.17
322.23
322.59
325.36
324.16
325.62
346.38
328.09
330.35
324.27
329.08
323.50
330.99
332.26
340.15
341.74
325.32
322.38
346.85
319.36
328.77
322.96
331.38
388.03
321.53
324.69
579.07
328.50
325.64
621.67
339.88
326.09
326.92
343.69
321.96
611.76
327.85
331.54
329.49
323.49
339.50
324.99
342.60
374.47
413.73
346.07
330.35
340.32
324.97
331.64
340.90
322.57
327.36
332.25
324.22
343.23
332.64
364.17
348.81
332.82
325.81
328.07
333.51
785.42
333.93
355.43
327.29
322.89
326.42
331.06
323.25
427.00
327.06
338.52
334.89
322.53
333.01
597.10
335.22
330.57
323.12
327.61
322.04
349.61
353.30
326.47
345.21
357.52
343.09
321.29
562.17
319.11
326.71
326.08
323.25
317.80
327.24
382.43
329.22
347.46
325.57
320.55
321.78
323.42
331.16
317.21
584.77
327.70
338.38
332.68
325.13
333.38
326.62
333.84
333.66
328.25
338.02
332.71
338.03
336.43
366.02
396.79
318.35
351.55
325.78
318.35
538.59
323.81
337.39
368.34
331.31
562.10
337.71
325.02
323.13
330.29
346.47
328.93
325.28
327.93
331.08
333.54
597.40
320.31
350.29
329.39
324.33
350.57
325.85
318.48
321.50
326.71
321.69
325.35
327.08
333.11
335.25
326.02
323.74
653.49
700.79
579.53
324.17
325.19
332.33
606.03
339.05
334.82
567.45
324.13
334.10
320.54
322.63
576.00
330.13
368.26
320.74
327.01
331.68
322.40
332.18
336.17
323.50
339.26
324.68
323.04
324.47
322.30
321.37
333.76
323.11
323.77
322.10
331.44
323.67
336.93
334.42
323.66
337.14
333.31
322.07
322.79
328.82
325.10
325.33
556.78
322.96
331.06
334.57
319.32
331.26
322.28
321.38
329.72
331.04
327.86
323.78
333.65
325.79
327.06
328.23
335.47
321.97
321.85
325.32
328.60
326.78
324.75
322.86
322.90
333.65
320.82
334.95
325.65
325.41
335.06
637.01
322.78
330.42
328.76
334.58
346.15
328.52
319.57
333.24
325.20
347.14
327.24
333.71
324.24
322.26
322.02
323.02
337.66
337.96
326.38
333.34
325.50
325.62
322.60
322.69
327.06
324.55
328.77
326.24
323.72
320.11
358.85
327.05
351.55
325.24
330.23
320.06
319.54
565.45
333.12
320.70
563.30
324.56
328.95
324.51
331.81
343.91



