
182
294
557
278
297
319
343
366
287
182
334
254
379
403
325
246
371
517
405
366
470
236
410
188
335
276
182
631
348
371
182
318
337
260
489
384
433
457
481
505
426
347
473
598
416
440
360
485
303
327
451
372
397
420
336
305
260
614
229
248
229
383
366
366
307
215
213
237
197
192
191
230
268
262
214
230
211
207
370
331
192
306
323
299
227
182
245
399
218
267
374
391
312
336
462
383
410
431
351
273
299
320
241
203
289
414
335
462
485
304
328
352
274
192
320
241
264
266
240
215
263
281
304
328
248
272
193
257
549
265
288
313
341
257
385
305
226
249
478
297
236
241
289
218
360
439
355
488
512
536
560
790
479
536
555
373
601
626
648
458
595
618
642
674
265
304
329
565
274
399
321
446
573
609
416
439
464
594
510
536
353
378
402
425
287
676
393
516
337
565
487
613
432
660
581
606
732
653
472
393
416
339
361
384
360
532
556
582
401
629
345
471
393
313
543
361
391
307
433
457
481
503
528
449
576
599
419
442
365
539
411
537
356
585
403
427
451
475
497
540
616
378
525
569
847
665
689
509
738
555
581
604
626
447
369
391
403
541
564
588
612
636
557
280
353
628
652
573
598
565
664
464
474
510
432
557
374
297
316
344
368
391
517
473
511
485
382
328
399
326
519
661
548
470
493
515
485
464
486




