
500.66
488.62
507.70
500.94
491.00
491.38
505.60
506.87
511.88
492.85
504.53
499.48
495.59
497.77
501.62
503.77
500.10
501.91
494.00
497.30
498.66
503.71
503.78
496.85
505.10
498.96
514.55
495.73
499.36
502.71
493.44
484.01
491.16
495.50
490.42
490.86
503.15
496.98
505.72
497.11
490.24
495.19
495.16
489.24
487.04
496.02
497.79
495.91
507.06
493.56
497.76
502.23
488.21
486.49
503.19
492.62
506.40
505.15
492.58
498.89
499.65
487.84
491.32
500.20
497.55
490.08
511.15
485.52
497.41
497.65
506.80
488.75
509.93
491.20
503.43
494.97
498.21
492.12
504.52
488.62
489.18
490.23
485.00
493.11
490.91
483.27
492.24
491.52
501.99
489.76
498.14
484.42
503.47
489.39
487.45
496.21
511.17
497.97
506.85
501.70
511.83
495.96
501.36
498.00
496.59
486.79
498.56
492.87
504.26
507.13
490.28
483.90
498.92
489.67
502.69
492.31
498.69
484.62
496.74
490.25
506.92
486.00
505.11
489.56
508.58
488.62
496.39
492.40
494.88
498.88
488.53
491.29
496.03
490.42
497.11
499.92
500.58
496.62
489.67
494.99
500.61
497.56
495.49
491.65
486.07
495.17
495.43
495.29
489.96
492.74
494.85
500.60
501.45
493.64
501.14
484.54
498.43
500.39
499.92
500.08
493.31
488.56
489.29
490.47
497.18
489.57
499.25
491.81
498.88
501.96
490.06
488.76
509.99
498.24
488.25
493.83
491.69
488.18
498.81
502.48
488.06
496.72
496.07
485.98
496.62
497.34
504.74
487.07
495.87
495.78
492.91
492.75
496.55
487.59
497.94
491.15
488.48
495.62
502.25
487.83
491.74
509.31
488.06
502.94
487.42
513.23
490.23
506.63
488.36
505.85
483.13
508.92
494.79
507.42
485.14
504.52
486.15
491.31
482.40
496.59
497.07
495.89
480.98
491.94
497.74
493.41
496.52
509.88
488.18
490.54
483.08
493.83
495.45
490.07
505.63
499.53
490.28
504.33
500.82
493.11
508.14
500.69
501.80
494.67
496.13
496.76
485.58
505.29
495.95
496.67
498.41
494.35
494.10
493.53
493.86
497.94
489.62
505.56
505.73
501.76
495.28
494.78
492.00
500.49
492.05
502.33
495.18
498.52
493.70
494.74
524.36
499.76
492.45
498.77
507.99
511.87
493.90
491.78
503.40
500.56
488.15
493.87
503.67
502.00
495.57
513.33
500.39
489.87
493.89
502.92
517.87
496.54
496.37
498.94
497.75
506.07
495.33
505.68
492.62
499.51



